## [BeGaze]
## Converted from:	C:\Program Files\SMI\Experiment Suite 360\Experiment Center 2\Results\cogaid_rapidRead_1_8\P06-eye_data.idf
## Date:	28.03.2013 15:01:04
## Version:	BeGaze 3.2.28
## IDF Version:	9
## Sample Rate:	120
## Separator Type:	Msg
## Trial Count:	1
## Uses Plane File:	False
## Number of Samples:	1935
## Reversed:	none
## [Run]
## Subject:	P06
## Description:	Run1
## [Calibration]
## Calibration Type:	5-point
## Calibration Area:	1680	1050
## Calibration Point 0:	Position(840;525)
## Calibration Point 1:	Position(420;105)
## Calibration Point 2:	Position(1512;262)
## Calibration Point 3:	Position(1260;945)
## Calibration Point 4:	Position(167;787)
## [Geometry]
## Stimulus Dimension [mm]:	474	297
## Head Distance [mm]:	700
## [Hardware Setup]
## System ID:	IVR-X-1140-06110-SMU
## Operating System :	5.1
## IView X Version:	2.7.13
## [Filter Settings]
## Heuristics:	False
## Heuristics Stage:	0
## Bilateral:	True
## Gaze Cursor Filter:	True
## Saccade Length [px]:	80
## Filter Depth [ms]:	20
## Format:	LEFT, RIGHT, POR
##
Time	Type	Trial	L POR X [px]	L POR Y [px]	R POR X [px]	R POR Y [px]
1512621326	SMP	1	0.00	0.32	0.00	0.32	
1512629682	SMP	1	0.00	0.28	0.00	0.28	
1512638056	SMP	1	0.00	0.00	0.00	0.00	
1512663090	SMP	1	0.00	0.00	0.00	0.00	
1512671510	SMP	1	0.00	0.00	0.00	0.00	
1512679684	SMP	1	0.00	0.00	0.00	0.00	
1512688065	SMP	1	0.00	0.00	0.00	0.00	
1512696461	SMP	1	0.00	0.00	0.00	0.00	
1512704822	SMP	1	0.00	0.00	0.00	0.00	
1512713082	SMP	1	0.00	0.00	0.00	0.00	
1512721502	SMP	1	746.39	937.53	746.39	937.53	
1512729821	SMP	1	420.54	143.44	420.54	143.44	
1512738184	SMP	1	411.48	254.52	411.48	254.52	
1512746454	SMP	1	381.19	245.41	381.19	245.41	
1512754826	SMP	1	402.60	239.94	402.60	239.94	
1512763209	SMP	1	405.33	216.72	405.33	216.72	
1512771578	SMP	1	408.07	244.83	408.07	244.83	
1512779822	SMP	1	412.78	244.30	412.78	244.30	
1512788189	SMP	1	495.96	270.43	495.96	270.43	
1512796750	SMP	1	597.31	317.37	597.31	317.37	
1512804955	SMP	1	579.15	334.52	579.15	334.52	
1512813200	SMP	1	428.59	327.55	428.59	327.55	
1512821573	SMP	1	592.95	221.21	592.95	221.21	
1512838188	SMP	1	588.88	190.68	588.88	190.68	
1512846565	SMP	1	587.64	212.83	587.64	212.83	
1512854973	SMP	1	585.60	245.69	585.60	245.69	
1512863324	SMP	1	575.82	416.45	575.82	416.45	
1512871568	SMP	1	585.44	214.35	585.44	214.35	
1512879920	SMP	1	580.58	191.79	580.58	191.79	
1512888312	SMP	1	586.16	203.57	586.16	203.57	
1512896731	SMP	1	576.43	178.46	576.43	178.46	
1512904972	SMP	1	587.68	214.87	587.68	214.87	
1512913359	SMP	1	590.72	358.30	590.72	358.30	
1512921731	SMP	1	587.20	188.87	587.20	188.87	
1512930110	SMP	1	701.19	224.80	701.19	224.80	
1512938343	SMP	1	738.78	250.55	738.78	250.55	
1512946719	SMP	1	708.11	403.10	708.11	403.10	
1512955112	SMP	1	703.08	441.73	703.08	441.73	
1512963581	SMP	1	706.81	280.07	706.81	280.07	
1512971693	SMP	1	705.92	254.89	705.92	254.89	
1512980203	SMP	1	701.89	265.85	701.89	265.85	
1512988448	SMP	1	705.42	231.12	705.42	231.12	
1512997662	SMP	1	705.74	246.40	705.74	246.40	
1513005054	SMP	1	702.48	226.13	702.48	226.13	
1513013316	SMP	1	696.35	273.24	696.35	273.24	
1513021816	SMP	1	701.97	224.21	701.97	224.21	
1513030457	SMP	1	699.07	187.81	699.07	187.81	
1513038430	SMP	1	697.36	210.06	697.36	210.06	
1513046908	SMP	1	697.94	234.70	697.94	234.70	
1513055230	SMP	1	694.44	228.25	694.44	228.25	
1513063403	SMP	1	692.38	261.44	692.38	261.44	
1513071920	SMP	1	694.34	286.17	694.34	286.17	
1513080191	SMP	1	693.12	267.09	693.12	267.09	
1513088428	SMP	1	690.06	264.81	690.06	264.81	
1513096789	SMP	1	691.99	247.86	691.99	247.86	
1513105174	SMP	1	690.66	264.27	690.66	264.27	
1513113539	SMP	1	688.94	258.83	688.94	258.83	
1513121784	SMP	1	688.46	250.64	688.46	250.64	
1513130182	SMP	1	693.20	240.77	693.20	240.77	
1513138509	SMP	1	697.39	229.92	697.39	229.92	
1513146869	SMP	1	693.54	244.98	693.54	244.98	
1513155207	SMP	1	621.19	444.79	621.19	444.79	
1513163560	SMP	1	628.92	418.65	628.92	418.65	
1513171923	SMP	1	621.86	247.64	621.86	247.64	
1513180288	SMP	1	655.05	406.45	655.05	406.45	
1513188582	SMP	1	634.47	404.26	634.47	404.26	
1513196871	SMP	1	644.99	410.12	644.99	410.12	
1513205339	SMP	1	633.51	403.67	633.51	403.67	
1513213537	SMP	1	629.97	404.96	629.97	404.96	
1513221918	SMP	1	630.77	408.39	630.77	408.39	
1513230306	SMP	1	629.73	412.06	629.73	412.06	
1513238705	SMP	1	631.29	413.07	631.29	413.07	
1513246861	SMP	1	632.68	413.53	632.68	413.53	
1513255323	SMP	1	633.90	415.73	633.90	415.73	
1513263700	SMP	1	632.83	414.90	632.83	414.90	
1513272013	SMP	1	631.43	324.43	631.43	324.43	
1513280281	SMP	1	631.17	321.33	631.17	321.33	
1513288615	SMP	1	632.84	414.44	632.84	414.44	
1513297028	SMP	1	640.65	416.86	640.65	416.86	
1513305443	SMP	1	647.58	418.76	647.58	418.76	
1513313699	SMP	1	670.87	422.97	670.87	422.97	
1513322030	SMP	1	677.60	149.61	677.60	149.61	
1513330431	SMP	1	685.59	311.34	685.59	311.34	
1513338782	SMP	1	690.15	325.62	690.15	325.62	
1513347023	SMP	1	706.15	330.37	706.15	330.37	
1513355410	SMP	1	617.11	294.75	617.11	294.75	
1513363772	SMP	1	696.12	129.68	696.12	129.68	
1513372027	SMP	1	687.41	290.31	687.41	290.31	
1513380407	SMP	1	706.06	137.16	706.06	137.16	
1513388811	SMP	1	710.76	336.63	710.76	336.63	
1513397182	SMP	1	694.69	337.31	694.69	337.31	
1513405420	SMP	1	687.02	355.23	687.02	355.23	
1513413769	SMP	1	699.55	128.38	699.55	128.38	
1513422171	SMP	1	708.50	134.08	708.50	134.08	
1513430561	SMP	1	697.37	137.48	697.37	137.48	
1513438798	SMP	1	699.87	141.34	699.87	141.34	
1513447155	SMP	1	704.15	339.57	704.15	339.57	
1513455645	SMP	1	691.76	386.02	691.76	386.02	
1513463861	SMP	1	692.74	143.21	692.74	143.21	
1513472206	SMP	1	683.11	351.62	683.11	351.62	
1513480510	SMP	1	692.03	370.02	692.03	370.02	
1513488930	SMP	1	698.87	144.14	698.87	144.14	
1513497150	SMP	1	693.66	152.67	693.66	152.67	
1513505573	SMP	1	678.95	361.43	678.95	361.43	
1513513900	SMP	1	663.21	343.08	663.21	343.08	
1513522307	SMP	1	674.92	369.03	674.92	369.03	
1513530536	SMP	1	700.65	370.49	700.65	370.49	
1513538901	SMP	1	669.18	363.88	669.18	363.88	
1513547279	SMP	1	675.79	367.69	675.79	367.69	
1513555699	SMP	1	684.31	370.10	684.31	370.10	
1513563943	SMP	1	692.45	345.40	692.45	345.40	
1513572280	SMP	1	675.52	334.95	675.52	334.95	
1513580812	SMP	1	681.57	352.86	681.57	352.86	
1513589067	SMP	1	677.36	150.64	677.36	150.64	
1513597293	SMP	1	683.68	173.14	683.68	173.14	
1513605630	SMP	1	682.57	225.00	682.57	225.00	
1513614019	SMP	1	672.09	175.49	672.09	175.49	
1513622392	SMP	1	665.34	168.58	665.34	168.58	
1513630664	SMP	1	631.81	174.86	631.81	174.86	
1513639026	SMP	1	670.05	157.44	670.05	157.44	
1513647403	SMP	1	656.37	174.79	656.37	174.79	
1513655658	SMP	1	661.57	407.74	661.57	407.74	
1513664045	SMP	1	665.18	166.62	665.18	166.62	
1513672406	SMP	1	680.00	193.03	680.00	193.03	
1513680800	SMP	1	695.77	177.34	695.77	177.34	
1513689005	SMP	1	671.11	181.88	671.11	181.88	
1513697393	SMP	1	699.79	202.08	699.79	202.08	
1513705803	SMP	1	718.82	222.90	718.82	222.90	
1513714175	SMP	1	695.91	170.38	695.91	170.38	
1513722362	SMP	1	669.62	164.01	669.62	164.01	
1513730766	SMP	1	664.11	171.43	664.11	171.43	
1513739149	SMP	1	693.18	207.57	693.18	207.57	
1513747558	SMP	1	710.63	201.88	710.63	201.88	
1513755819	SMP	1	708.70	209.39	708.70	209.39	
1513764153	SMP	1	708.58	198.00	708.58	198.00	
1513772650	SMP	1	707.92	211.13	707.92	211.13	
1513780762	SMP	1	699.77	197.50	699.77	197.50	
1513789122	SMP	1	712.64	194.07	712.64	194.07	
1513797547	SMP	1	711.09	203.12	711.09	203.12	
1513805937	SMP	1	688.87	215.92	688.87	215.92	
1513814154	SMP	1	700.34	191.87	700.34	191.87	
1513822567	SMP	1	730.24	195.02	730.24	195.02	
1513830954	SMP	1	776.11	187.18	776.11	187.18	
1513839352	SMP	1	773.33	210.66	773.33	210.66	
1513847480	SMP	1	779.71	204.05	779.71	204.05	
1513855880	SMP	1	786.65	195.15	786.65	195.15	
1513864262	SMP	1	780.23	191.79	780.23	191.79	
1513872680	SMP	1	757.52	202.13	757.52	202.13	
1513880922	SMP	1	760.51	208.12	760.51	208.12	
1513889288	SMP	1	725.55	191.30	725.55	191.30	
1513897740	SMP	1	754.13	204.35	754.13	204.35	
1513905941	SMP	1	754.25	98.22	754.25	98.22	
1513914271	SMP	1	750.57	105.10	750.57	105.10	
1513922652	SMP	1	744.74	103.06	744.74	103.06	
1513931073	SMP	1	739.42	127.68	739.42	127.68	
1513939288	SMP	1	734.48	142.22	734.48	142.22	
1513947656	SMP	1	740.87	166.89	740.87	166.89	
1513956064	SMP	1	728.08	181.07	728.08	181.07	
1513964355	SMP	1	726.28	202.60	726.28	202.60	
1513972642	SMP	1	723.99	202.29	723.99	202.29	
1513981038	SMP	1	717.15	245.46	717.15	245.46	
1513989435	SMP	1	773.57	224.23	773.57	224.23	
1513997737	SMP	1	787.54	233.44	787.54	233.44	
1514006054	SMP	1	777.15	218.71	777.15	218.71	
1514014350	SMP	1	789.40	222.39	789.40	222.39	
1514022770	SMP	1	768.10	210.44	768.10	210.44	
1514031160	SMP	1	783.49	223.56	783.49	223.56	
1514039411	SMP	1	781.39	219.92	781.39	219.92	
1514047785	SMP	1	738.58	226.16	738.58	226.16	
1514056187	SMP	1	769.12	232.51	769.12	232.51	
1514064435	SMP	1	777.37	228.74	777.37	228.74	
1514072754	SMP	1	760.13	157.84	760.13	157.84	
1514081161	SMP	1	721.02	175.16	721.02	175.16	
1514089513	SMP	1	742.62	229.35	742.62	229.35	
1514097806	SMP	1	732.35	232.07	732.35	232.07	
1514106105	SMP	1	702.22	237.38	702.22	237.38	
1514114555	SMP	1	734.83	111.04	734.83	111.04	
1514122895	SMP	1	732.24	132.20	732.24	132.20	
1514131190	SMP	1	734.71	249.83	734.71	249.83	
1514139513	SMP	1	734.75	248.51	734.75	248.51	
1514147894	SMP	1	729.10	259.86	729.10	259.86	
1514156274	SMP	1	735.01	285.69	735.01	285.69	
1514164513	SMP	1	737.49	286.80	737.49	286.80	
1514172876	SMP	1	732.19	295.51	732.19	295.51	
1514181279	SMP	1	730.22	305.49	730.22	305.49	
1514189537	SMP	1	730.90	310.54	730.90	310.54	
1514197890	SMP	1	725.96	305.20	725.96	305.20	
1514206305	SMP	1	720.55	315.92	720.55	315.92	
1514214634	SMP	1	714.71	114.75	714.71	114.75	
1514222917	SMP	1	713.26	110.15	713.26	110.15	
1514231304	SMP	1	710.09	90.16	710.09	90.16	
1514239721	SMP	1	707.91	109.47	707.91	109.47	
1514247976	SMP	1	708.51	218.97	708.51	218.97	
1514256301	SMP	1	723.58	225.04	723.58	225.04	
1514264647	SMP	1	708.69	217.39	708.69	217.39	
1514273044	SMP	1	714.39	243.12	714.39	243.12	
1514281416	SMP	1	706.27	238.31	706.27	238.31	
1514289641	SMP	1	691.06	234.62	691.06	234.62	
1514297978	SMP	1	722.91	106.77	722.91	106.77	
1514306435	SMP	1	733.34	116.77	733.34	116.77	
1514314760	SMP	1	736.27	153.05	736.27	153.05	
1514323008	SMP	1	724.91	109.33	724.91	109.33	
1514331429	SMP	1	753.17	350.66	753.17	350.66	
1514339786	SMP	1	763.47	229.76	763.47	229.76	
1514347984	SMP	1	767.99	243.49	767.99	243.49	
1514356433	SMP	1	764.69	339.03	764.69	339.03	
1514364751	SMP	1	776.38	354.44	776.38	354.44	
1514373133	SMP	1	776.49	234.15	776.49	234.15	
1514381437	SMP	1	773.55	323.01	773.55	323.01	
1514389808	SMP	1	776.83	350.15	776.83	350.15	
1514398144	SMP	1	783.43	260.89	783.43	260.89	
1514406546	SMP	1	781.18	244.24	781.18	244.24	
1514414757	SMP	1	745.21	202.18	745.21	202.18	
1514423147	SMP	1	737.80	188.80	737.80	188.80	
1514431529	SMP	1	781.28	283.03	781.28	283.03	
1514439896	SMP	1	771.58	310.66	771.58	310.66	
1514448159	SMP	1	777.07	340.04	777.07	340.04	
1514456537	SMP	1	775.82	353.09	775.82	353.09	
1514464880	SMP	1	775.10	202.99	775.10	202.99	
1514473146	SMP	1	750.81	168.64	750.81	168.64	
1514481495	SMP	1	757.96	323.32	757.96	323.32	
1514489885	SMP	1	724.65	278.71	724.65	278.71	
1514498257	SMP	1	725.67	253.91	725.67	253.91	
1514506541	SMP	1	714.91	128.21	714.91	128.21	
1514514929	SMP	1	767.81	291.50	767.81	291.50	
1514523260	SMP	1	771.61	314.41	771.61	314.41	
1514531728	SMP	1	768.00	310.53	768.00	310.53	
1514539885	SMP	1	753.36	309.92	753.36	309.92	
1514548297	SMP	1	753.09	311.73	753.09	311.73	
1514556875	SMP	1	756.65	148.16	756.65	148.16	
1514564985	SMP	1	763.19	314.57	763.19	314.57	
1514573252	SMP	1	765.34	314.87	765.34	314.87	
1514581656	SMP	1	774.61	315.64	774.61	315.64	
1514590021	SMP	1	770.77	314.45	770.77	314.45	
1514598282	SMP	1	770.02	166.02	770.02	166.02	
1514606696	SMP	1	747.16	320.77	747.16	320.77	
1514615004	SMP	1	740.92	169.29	740.92	169.29	
1514623526	SMP	1	729.39	168.58	729.39	168.58	
1514631660	SMP	1	715.35	168.40	715.35	168.40	
1514640043	SMP	1	720.00	244.87	720.00	244.87	
1514648383	SMP	1	715.27	205.33	715.27	205.33	
1514656785	SMP	1	703.24	173.16	703.24	173.16	
1514665026	SMP	1	698.10	171.54	698.10	171.54	
1514673415	SMP	1	695.15	172.86	695.15	172.86	
1514681761	SMP	1	698.48	336.45	698.48	336.45	
1514690128	SMP	1	717.71	165.59	717.71	165.59	
1514698370	SMP	1	712.51	158.45	712.51	158.45	
1514706878	SMP	1	713.87	158.49	713.87	158.49	
1514715170	SMP	1	713.49	155.50	713.49	155.50	
1514723381	SMP	1	710.58	151.62	710.58	151.62	
1514731752	SMP	1	718.44	378.02	718.44	378.02	
1514740135	SMP	1	720.02	160.10	720.02	160.10	
1514748656	SMP	1	720.27	162.45	720.27	162.45	
1514756847	SMP	1	724.68	172.47	724.68	172.47	
1514765113	SMP	1	724.48	153.08	724.48	153.08	
1514773503	SMP	1	725.63	165.18	725.63	165.18	
1514781871	SMP	1	725.48	365.83	725.48	365.83	
1514790148	SMP	1	817.70	262.25	817.70	262.25	
1514798533	SMP	1	893.07	329.01	893.07	329.01	
1514806840	SMP	1	841.66	320.07	841.66	320.07	
1514815249	SMP	1	842.01	353.84	842.01	353.84	
1514823495	SMP	1	842.99	339.48	842.99	339.48	
1514831920	SMP	1	838.47	338.04	838.47	338.04	
1514840264	SMP	1	818.99	325.17	818.99	325.17	
1514848656	SMP	1	827.17	314.69	827.17	314.69	
1514856850	SMP	1	828.03	316.03	828.03	316.03	
1514865295	SMP	1	833.24	314.38	833.24	314.38	
1514873638	SMP	1	823.56	298.98	823.56	298.98	
1514881893	SMP	1	827.71	291.45	827.71	291.45	
1514890262	SMP	1	803.28	294.33	803.28	294.33	
1514898622	SMP	1	833.23	307.68	833.23	307.68	
1514907033	SMP	1	834.60	312.92	834.60	312.92	
1514915276	SMP	1	819.59	315.24	819.59	315.24	
1514923666	SMP	1	817.01	310.58	817.01	310.58	
1514932010	SMP	1	821.12	320.97	821.12	320.97	
1514940380	SMP	1	829.65	329.00	829.65	329.00	
1514948630	SMP	1	834.75	339.83	834.75	339.83	
1514957017	SMP	1	832.21	333.82	832.21	333.82	
1514965348	SMP	1	824.55	336.77	824.55	336.77	
1514973734	SMP	1	833.78	329.92	833.78	329.92	
1514981979	SMP	1	850.12	275.09	850.12	275.09	
1514990402	SMP	1	0.00	0.00	0.00	0.00	
1514998784	SMP	1	857.93	174.46	857.93	174.46	
1515007039	SMP	1	859.14	205.61	859.14	205.61	
1515015382	SMP	1	877.70	252.97	877.70	252.97	
1515023811	SMP	1	876.49	235.71	876.49	235.71	
1515032155	SMP	1	847.83	291.59	847.83	291.59	
1515040396	SMP	1	847.17	280.22	847.17	280.22	
1515048766	SMP	1	852.69	270.35	852.69	270.35	
1515057088	SMP	1	875.40	255.78	875.40	255.78	
1515065491	SMP	1	857.21	261.73	857.21	261.73	
1515073755	SMP	1	865.61	275.71	865.61	275.71	
1515082185	SMP	1	865.65	274.48	865.65	274.48	
1515090565	SMP	1	867.49	273.96	867.49	273.96	
1515098918	SMP	1	881.76	277.98	881.76	277.98	
1515107147	SMP	1	870.38	285.70	870.38	285.70	
1515115511	SMP	1	883.68	279.14	883.68	279.14	
1515123868	SMP	1	875.05	275.84	875.05	275.84	
1515132268	SMP	1	888.25	282.05	888.25	282.05	
1515140528	SMP	1	888.07	288.46	888.07	288.46	
1515148863	SMP	1	886.58	281.68	886.58	281.68	
1515157296	SMP	1	887.95	280.03	887.95	280.03	
1515165597	SMP	1	888.93	283.81	888.93	283.81	
1515173896	SMP	1	888.80	282.57	888.80	282.57	
1515182390	SMP	1	892.57	281.60	892.57	281.60	
1515190657	SMP	1	888.83	284.03	888.83	284.03	
1515198869	SMP	1	894.03	276.10	894.03	276.10	
1515207274	SMP	1	889.20	272.42	889.20	272.42	
1515215584	SMP	1	891.65	258.76	891.65	258.76	
1515223996	SMP	1	891.06	274.63	891.06	274.63	
1515232259	SMP	1	895.28	265.36	895.28	265.36	
1515240645	SMP	1	893.11	290.01	893.11	290.01	
1515249003	SMP	1	891.94	284.68	891.94	284.68	
1515257397	SMP	1	896.80	288.88	896.80	288.88	
1515265665	SMP	1	892.86	280.98	892.86	280.98	
1515273996	SMP	1	893.15	265.96	893.15	265.96	
1515282389	SMP	1	893.50	280.89	893.50	280.89	
1515290630	SMP	1	887.85	258.93	887.85	258.93	
1515299001	SMP	1	891.54	292.49	891.54	292.49	
1515307369	SMP	1	891.40	292.05	891.40	292.05	
1515315785	SMP	1	888.16	295.28	888.16	295.28	
1515323999	SMP	1	884.12	306.52	884.12	306.52	
1515332417	SMP	1	883.46	305.56	883.46	305.56	
1515340732	SMP	1	885.80	307.27	885.80	307.27	
1515349115	SMP	1	884.73	304.62	884.73	304.62	
1515357390	SMP	1	884.79	316.14	884.79	316.14	
1515365714	SMP	1	896.06	303.07	896.06	303.07	
1515374114	SMP	1	889.91	305.03	889.91	305.03	
1515382512	SMP	1	899.84	313.31	899.84	313.31	
1515390781	SMP	1	907.83	308.97	907.83	308.97	
1515399136	SMP	1	903.46	315.27	903.46	315.27	
1515407532	SMP	1	916.78	311.22	916.78	311.22	
1515415738	SMP	1	919.61	312.57	919.61	312.57	
1515424173	SMP	1	902.95	307.57	902.95	307.57	
1515432501	SMP	1	878.65	313.17	878.65	313.17	
1515440853	SMP	1	775.89	190.44	775.89	190.44	
1515449123	SMP	1	870.83	377.69	870.83	377.69	
1515457504	SMP	1	862.40	387.72	862.40	387.72	
1515465880	SMP	1	858.36	359.06	858.36	359.06	
1515474254	SMP	1	859.25	352.90	859.25	352.90	
1515482469	SMP	1	851.21	374.56	851.21	374.56	
1515490868	SMP	1	853.58	373.27	853.58	373.27	
1515499238	SMP	1	852.68	371.26	852.68	371.26	
1515507777	SMP	1	848.13	373.43	848.13	373.43	
1515515900	SMP	1	848.27	368.95	848.27	368.95	
1515524249	SMP	1	852.60	369.39	852.60	369.39	
1515532782	SMP	1	852.34	378.37	852.34	378.37	
1515541000	SMP	1	842.38	376.78	842.38	376.78	
1515549349	SMP	1	848.98	379.89	848.98	379.89	
1515557657	SMP	1	848.09	380.79	848.09	380.79	
1515565989	SMP	1	824.70	373.23	824.70	373.23	
1515574234	SMP	1	804.76	357.89	804.76	357.89	
1515582620	SMP	1	767.72	334.30	767.72	334.30	
1515591035	SMP	1	736.93	316.93	736.93	316.93	
1515599365	SMP	1	732.56	314.21	732.56	314.21	
1515607740	SMP	1	752.88	304.82	752.88	304.82	
1515615986	SMP	1	728.99	371.71	728.99	371.71	
1515624359	SMP	1	738.65	333.09	738.65	333.09	
1515632778	SMP	1	745.60	324.52	745.60	324.52	
1515641037	SMP	1	751.96	317.28	751.96	317.28	
1515649354	SMP	1	745.16	331.13	745.16	331.13	
1515657805	SMP	1	747.63	312.11	747.63	312.11	
1515666121	SMP	1	745.61	305.32	745.61	305.32	
1515674398	SMP	1	747.24	315.11	747.24	315.11	
1515682742	SMP	1	746.15	307.18	746.15	307.18	
1515691108	SMP	1	742.62	310.84	742.62	310.84	
1515699359	SMP	1	741.02	315.59	741.02	315.59	
1515707859	SMP	1	744.75	312.86	744.75	312.86	
1515716159	SMP	1	741.29	309.99	741.29	309.99	
1515724486	SMP	1	727.75	305.30	727.75	305.30	
1515732750	SMP	1	751.13	314.94	751.13	314.94	
1515741099	SMP	1	739.25	306.88	739.25	306.88	
1515749484	SMP	1	741.03	311.89	741.03	311.89	
1515757870	SMP	1	732.65	316.18	732.65	316.18	
1515766099	SMP	1	731.33	326.23	731.33	326.23	
1515774489	SMP	1	736.22	307.42	736.22	307.42	
1515782880	SMP	1	733.39	327.97	733.39	327.97	
1515791234	SMP	1	735.92	324.99	735.92	324.99	
1515799518	SMP	1	723.64	327.03	723.64	327.03	
1515807831	SMP	1	714.98	327.68	714.98	327.68	
1515816230	SMP	1	715.82	327.15	715.82	327.15	
1515824539	SMP	1	724.98	336.21	724.98	336.21	
1515832886	SMP	1	705.46	319.64	705.46	319.64	
1515841281	SMP	1	713.42	326.44	713.42	326.44	
1515849616	SMP	1	703.14	308.80	703.14	308.80	
1515857829	SMP	1	704.95	325.88	704.95	325.88	
1515866225	SMP	1	715.16	315.78	715.16	315.78	
1515874657	SMP	1	705.89	311.02	705.89	311.02	
1515883009	SMP	1	719.08	318.67	719.08	318.67	
1515891260	SMP	1	718.63	325.28	718.63	325.28	
1515899608	SMP	1	720.28	319.14	720.28	319.14	
1515907997	SMP	1	693.24	305.96	693.24	305.96	
1515916356	SMP	1	699.41	320.69	699.41	320.69	
1515924648	SMP	1	705.77	330.23	705.77	330.23	
1515932995	SMP	1	704.78	315.32	704.78	315.32	
1515941376	SMP	1	702.07	304.64	702.07	304.64	
1515949738	SMP	1	707.42	305.00	707.42	305.00	
1515957994	SMP	1	707.79	299.17	707.79	299.17	
1515966380	SMP	1	704.31	307.19	704.31	307.19	
1515974731	SMP	1	705.33	313.00	705.33	313.00	
1515983006	SMP	1	699.84	314.33	699.84	314.33	
1515991372	SMP	1	698.25	302.14	698.25	302.14	
1515999731	SMP	1	700.13	303.13	700.13	303.13	
1516008138	SMP	1	700.72	313.98	700.72	313.98	
1516016363	SMP	1	696.90	210.39	696.90	210.39	
1516024734	SMP	1	864.77	323.68	864.77	323.68	
1516033147	SMP	1	868.36	319.91	868.36	319.91	
1516041471	SMP	1	868.26	313.28	868.26	313.28	
1516049764	SMP	1	860.16	308.18	860.16	308.18	
1516058112	SMP	1	866.47	307.29	866.47	307.29	
1516066520	SMP	1	869.03	307.08	869.03	307.08	
1516074861	SMP	1	865.41	306.26	865.41	306.26	
1516083123	SMP	1	867.79	300.65	867.79	300.65	
1516091480	SMP	1	872.57	296.14	872.57	296.14	
1516099861	SMP	1	872.19	294.27	872.19	294.27	
1516108113	SMP	1	865.24	297.80	865.24	297.80	
1516116518	SMP	1	865.40	300.48	865.40	300.48	
1516124847	SMP	1	868.07	305.86	868.07	305.86	
1516133224	SMP	1	867.60	298.91	867.60	298.91	
1516141559	SMP	1	867.84	301.97	867.84	301.97	
1516149841	SMP	1	866.95	303.70	866.95	303.70	
1516158278	SMP	1	866.28	312.31	866.28	312.31	
1516166707	SMP	1	869.46	311.25	869.46	311.25	
1516174878	SMP	1	867.64	314.84	867.64	314.84	
1516183229	SMP	1	866.55	309.24	866.55	309.24	
1516191657	SMP	1	865.35	312.14	865.35	312.14	
1516199984	SMP	1	866.96	313.37	866.96	313.37	
1516208266	SMP	1	867.92	320.96	867.92	320.96	
1516216609	SMP	1	872.34	368.08	872.34	368.08	
1516225029	SMP	1	881.03	315.01	881.03	315.01	
1516233245	SMP	1	878.67	315.16	878.67	315.16	
1516241646	SMP	1	876.39	311.71	876.39	311.71	
1516249983	SMP	1	877.39	306.72	877.39	306.72	
1516258390	SMP	1	878.44	311.07	878.44	311.07	
1516266730	SMP	1	867.72	309.58	867.72	309.58	
1516275028	SMP	1	875.29	309.23	875.29	309.23	
1516283381	SMP	1	878.19	306.69	878.19	306.69	
1516291724	SMP	1	875.68	302.15	875.68	302.15	
1516299977	SMP	1	879.50	301.40	879.50	301.40	
1516308398	SMP	1	873.37	296.28	873.37	296.28	
1516316704	SMP	1	872.78	300.73	872.78	300.73	
1516325103	SMP	1	870.04	297.63	870.04	297.63	
1516333377	SMP	1	947.92	300.59	947.92	300.59	
1516341739	SMP	1	920.26	300.58	920.26	300.58	
1516350115	SMP	1	916.94	294.98	916.94	294.98	
1516358516	SMP	1	908.23	291.03	908.23	291.03	
1516366782	SMP	1	888.86	282.52	888.86	282.52	
1516375097	SMP	1	917.91	265.13	917.91	265.13	
1516383520	SMP	1	878.32	282.59	878.32	282.59	
1516391769	SMP	1	877.34	264.37	877.34	264.37	
1516400105	SMP	1	886.60	273.90	886.60	273.90	
1516408512	SMP	1	906.43	265.35	906.43	265.35	
1516416820	SMP	1	946.42	307.20	946.42	307.20	
1516425114	SMP	1	949.42	323.53	949.42	323.53	
1516433513	SMP	1	982.74	307.10	982.74	307.10	
1516441817	SMP	1	983.68	284.92	983.68	284.92	
1516450197	SMP	1	991.06	321.34	991.06	321.34	
1516458486	SMP	1	989.51	318.32	989.51	318.32	
1516466868	SMP	1	986.29	287.68	986.29	287.68	
1516475230	SMP	1	986.96	275.14	986.96	275.14	
1516483592	SMP	1	955.66	279.08	955.66	279.08	
1516491841	SMP	1	975.37	324.11	975.37	324.11	
1516500216	SMP	1	993.39	317.07	993.39	317.07	
1516508642	SMP	1	988.22	281.84	988.22	281.84	
1516516874	SMP	1	980.72	280.62	980.72	280.62	
1516525222	SMP	1	981.26	268.54	981.26	268.54	
1516533608	SMP	1	988.24	277.60	988.24	277.60	
1516542017	SMP	1	986.92	289.50	986.92	289.50	
1516550228	SMP	1	979.05	285.48	979.05	285.48	
1516558602	SMP	1	983.96	321.73	983.96	321.73	
1516566966	SMP	1	964.77	286.40	964.77	286.40	
1516575344	SMP	1	974.01	302.24	974.01	302.24	
1516583627	SMP	1	973.57	320.90	973.57	320.90	
1516591994	SMP	1	971.98	311.39	971.98	311.39	
1516600363	SMP	1	972.80	317.16	972.80	317.16	
1516608743	SMP	1	974.51	268.56	974.51	268.56	
1516616960	SMP	1	920.46	320.55	920.46	320.55	
1516625396	SMP	1	802.79	314.32	802.79	314.32	
1516633749	SMP	1	717.70	222.68	717.70	222.68	
1516641983	SMP	1	705.41	166.84	705.41	166.84	
1516650333	SMP	1	705.75	192.64	705.75	192.64	
1516658763	SMP	1	707.27	158.83	707.27	158.83	
1516667070	SMP	1	724.29	339.48	724.29	339.48	
1516675390	SMP	1	748.85	350.30	748.85	350.30	
1516683726	SMP	1	757.15	345.90	757.15	345.90	
1516692093	SMP	1	770.13	342.98	770.13	342.98	
1516700466	SMP	1	762.10	316.62	762.10	316.62	
1516708768	SMP	1	771.24	348.58	771.24	348.58	
1516717115	SMP	1	769.44	351.65	769.44	351.65	
1516725465	SMP	1	772.51	366.78	772.51	366.78	
1516733860	SMP	1	773.89	360.01	773.89	360.01	
1516742096	SMP	1	772.34	371.05	772.34	371.05	
1516750512	SMP	1	775.21	381.26	775.21	381.26	
1516758886	SMP	1	777.39	376.10	777.39	376.10	
1516767230	SMP	1	785.98	362.07	785.98	362.07	
1516775469	SMP	1	781.56	330.41	781.56	330.41	
1516783883	SMP	1	777.19	376.28	777.19	376.28	
1516792229	SMP	1	782.53	387.42	782.53	387.42	
1516800482	SMP	1	772.64	393.59	772.64	393.59	
1516808851	SMP	1	768.94	382.50	768.94	382.50	
1516817213	SMP	1	777.41	404.08	777.41	404.08	
1516825563	SMP	1	765.62	408.14	765.62	408.14	
1516833880	SMP	1	762.26	389.71	762.26	389.71	
1516842229	SMP	1	782.60	391.20	782.60	391.20	
1516850612	SMP	1	782.41	362.67	782.41	362.67	
1516858978	SMP	1	742.59	398.47	742.59	398.47	
1516867248	SMP	1	654.16	355.79	654.16	355.79	
1516875608	SMP	1	646.65	259.18	646.65	259.18	
1516883988	SMP	1	663.42	284.92	663.42	284.92	
1516892350	SMP	1	661.05	326.67	661.05	326.67	
1516900589	SMP	1	670.20	332.14	670.20	332.14	
1516908976	SMP	1	662.05	343.92	662.05	343.92	
1516917345	SMP	1	650.72	336.75	650.72	336.75	
1516925620	SMP	1	658.34	296.20	658.34	296.20	
1516933947	SMP	1	666.48	285.35	666.48	285.35	
1516942356	SMP	1	662.88	273.78	662.88	273.78	
1516950746	SMP	1	668.87	311.11	668.87	311.11	
1516958998	SMP	1	668.42	286.58	668.42	286.58	
1516967292	SMP	1	679.51	323.12	679.51	323.12	
1516975721	SMP	1	681.49	327.34	681.49	327.34	
1516984092	SMP	1	678.03	331.53	678.03	331.53	
1516992388	SMP	1	697.71	341.86	697.71	341.86	
1517000718	SMP	1	697.26	342.31	697.26	342.31	
1517009161	SMP	1	701.50	293.61	701.50	293.61	
1517017485	SMP	1	709.25	334.77	709.25	334.77	
1517025763	SMP	1	711.26	341.35	711.26	341.35	
1517034116	SMP	1	717.68	342.35	717.68	342.35	
1517042448	SMP	1	717.67	337.08	717.67	337.08	
1517050729	SMP	1	722.96	338.46	722.96	338.46	
1517059093	SMP	1	724.51	345.27	724.51	345.27	
1517067455	SMP	1	732.99	348.14	732.99	348.14	
1517075888	SMP	1	732.25	345.39	732.25	345.39	
1517084118	SMP	1	731.44	346.04	731.44	346.04	
1517092484	SMP	1	733.39	348.52	733.39	348.52	
1517100809	SMP	1	731.24	356.80	731.24	356.80	
1517109260	SMP	1	730.74	359.45	730.74	359.45	
1517117469	SMP	1	718.79	358.97	718.79	358.97	
1517125835	SMP	1	724.22	354.71	724.22	354.71	
1517134185	SMP	1	720.49	365.59	720.49	365.59	
1517142588	SMP	1	675.44	369.98	675.44	369.98	
1517150877	SMP	1	686.41	334.44	686.41	334.44	
1517159255	SMP	1	678.00	323.75	678.00	323.75	
1517167560	SMP	1	666.59	252.95	666.59	252.95	
1517175966	SMP	1	686.54	421.64	686.54	421.64	
1517184256	SMP	1	734.95	430.75	734.95	430.75	
1517192595	SMP	1	766.93	399.39	766.93	399.39	
1517200960	SMP	1	767.52	409.65	767.52	409.65	
1517209254	SMP	1	762.93	412.09	762.93	412.09	
1517217710	SMP	1	768.66	421.95	768.66	421.95	
1517225939	SMP	1	772.93	422.29	772.93	422.29	
1517234387	SMP	1	691.14	420.03	691.14	420.03	
1517242555	SMP	1	701.19	423.69	701.19	423.69	
1517250972	SMP	1	691.92	417.66	691.92	417.66	
1517259369	SMP	1	688.95	420.47	688.95	420.47	
1517267840	SMP	1	687.58	421.12	687.58	421.12	
1517275963	SMP	1	763.42	429.08	763.42	429.08	
1517284367	SMP	1	764.23	420.82	764.23	420.82	
1517292698	SMP	1	773.00	422.68	773.00	422.68	
1517301094	SMP	1	759.46	412.26	759.46	412.26	
1517309346	SMP	1	760.96	416.74	760.96	416.74	
1517317835	SMP	1	738.81	414.73	738.81	414.73	
1517326087	SMP	1	750.21	412.95	750.21	412.95	
1517334349	SMP	1	732.44	385.15	732.44	385.15	
1517342752	SMP	1	758.95	412.93	758.95	412.93	
1517351115	SMP	1	765.26	405.76	765.26	405.76	
1517359496	SMP	1	765.61	389.12	765.61	389.12	
1517367716	SMP	1	765.18	390.09	765.18	390.09	
1517376076	SMP	1	775.66	387.06	775.66	387.06	
1517384451	SMP	1	782.55	394.60	782.55	394.60	
1517392885	SMP	1	773.81	391.51	773.81	391.51	
1517401086	SMP	1	771.44	385.74	771.44	385.74	
1517409489	SMP	1	778.03	391.98	778.03	391.98	
1517417852	SMP	1	777.68	386.64	777.68	386.64	
1517426240	SMP	1	779.83	401.89	779.83	401.89	
1517434472	SMP	1	784.12	392.96	784.12	392.96	
1517442822	SMP	1	782.39	395.00	782.39	395.00	
1517451231	SMP	1	784.59	406.21	784.59	406.21	
1517459617	SMP	1	785.29	407.37	785.29	407.37	
1517467803	SMP	1	786.06	404.89	786.06	404.89	
1517476276	SMP	1	789.13	404.37	789.13	404.37	
1517484765	SMP	1	788.81	413.30	788.81	413.30	
1517492833	SMP	1	786.01	405.60	786.01	405.60	
1517501237	SMP	1	783.21	416.47	783.21	416.47	
1517509623	SMP	1	784.83	418.20	784.83	418.20	
1517517924	SMP	1	781.12	411.33	781.12	411.33	
1517526200	SMP	1	783.22	428.75	783.22	428.75	
1517534571	SMP	1	773.95	410.65	773.95	410.65	
1517542941	SMP	1	771.77	405.74	771.77	405.74	
1517551345	SMP	1	762.19	401.59	762.19	401.59	
1517559600	SMP	1	757.15	397.79	757.15	397.79	
1517567914	SMP	1	791.07	422.64	791.07	422.64	
1517576322	SMP	1	804.46	418.43	804.46	418.43	
1517584742	SMP	1	810.28	415.30	810.28	415.30	
1517593000	SMP	1	811.76	424.41	811.76	424.41	
1517601333	SMP	1	817.97	416.46	817.97	416.46	
1517609733	SMP	1	811.02	420.83	811.02	420.83	
1517617910	SMP	1	823.77	419.57	823.77	419.57	
1517626317	SMP	1	821.70	415.67	821.70	415.67	
1517634737	SMP	1	772.69	389.14	772.69	389.14	
1517643087	SMP	1	795.01	399.37	795.01	399.37	
1517651368	SMP	1	785.38	399.54	785.38	399.54	
1517659744	SMP	1	780.84	378.41	780.84	378.41	
1517668079	SMP	1	778.16	377.48	778.16	377.48	
1517676609	SMP	1	782.96	361.70	782.96	361.70	
1517684708	SMP	1	784.14	369.53	784.14	369.53	
1517693078	SMP	1	765.54	336.27	765.54	336.27	
1517701442	SMP	1	768.16	305.55	768.16	305.55	
1517709845	SMP	1	763.20	326.66	763.20	326.66	
1517718079	SMP	1	766.94	326.95	766.94	326.95	
1517726453	SMP	1	775.67	358.95	775.67	358.95	
1517734847	SMP	1	783.60	360.33	783.60	360.33	
1517743073	SMP	1	812.19	350.69	812.19	350.69	
1517751455	SMP	1	817.62	330.63	817.62	330.63	
1517759861	SMP	1	806.10	348.80	806.10	348.80	
1517768198	SMP	1	802.48	358.85	802.48	358.85	
1517776443	SMP	1	796.09	357.73	796.09	357.73	
1517784846	SMP	1	808.49	361.94	808.49	361.94	
1517793224	SMP	1	814.40	376.07	814.40	376.07	
1517801587	SMP	1	816.58	374.86	816.58	374.86	
1517809835	SMP	1	816.74	380.06	816.74	380.06	
1517818199	SMP	1	819.32	372.93	819.32	372.93	
1517826608	SMP	1	821.40	374.63	821.40	374.63	
1517834975	SMP	1	819.76	383.39	819.76	383.39	
1517843169	SMP	1	820.97	399.95	820.97	399.95	
1517851589	SMP	1	819.23	403.55	819.23	403.55	
1517859992	SMP	1	820.26	382.24	820.26	382.24	
1517868324	SMP	1	823.34	402.22	823.34	402.22	
1517876684	SMP	1	821.32	391.17	821.32	391.17	
1517884978	SMP	1	819.77	383.97	819.77	383.97	
1517893322	SMP	1	820.12	388.42	820.12	388.42	
1517901577	SMP	1	816.14	375.64	816.14	375.64	
1517909995	SMP	1	817.28	369.47	817.28	369.47	
1517918319	SMP	1	819.04	376.10	819.04	376.10	
1517926713	SMP	1	816.54	375.29	816.54	375.29	
1517934922	SMP	1	816.87	374.79	816.87	374.79	
1517943319	SMP	1	817.65	394.38	817.65	394.38	
1517951720	SMP	1	816.38	394.46	816.38	394.46	
1517960112	SMP	1	818.22	399.17	818.22	399.17	
1517968333	SMP	1	824.05	407.68	824.05	407.68	
1517976783	SMP	1	827.70	404.33	827.70	404.33	
1517985111	SMP	1	829.46	400.67	829.46	400.67	
1517993426	SMP	1	826.55	397.55	826.55	397.55	
1518001730	SMP	1	810.65	392.24	810.65	392.24	
1518010076	SMP	1	790.35	397.72	790.35	397.72	
1518018447	SMP	1	788.59	435.49	788.59	435.49	
1518026753	SMP	1	784.41	416.12	784.41	416.12	
1518035108	SMP	1	785.52	410.42	785.52	410.42	
1518043448	SMP	1	769.97	415.08	769.97	415.08	
1518051844	SMP	1	778.36	417.13	778.36	417.13	
1518060084	SMP	1	778.55	405.70	778.55	405.70	
1518068476	SMP	1	768.75	415.11	768.75	415.11	
1518076780	SMP	1	770.21	416.82	770.21	416.82	
1518085219	SMP	1	768.58	423.87	768.58	423.87	
1518093510	SMP	1	767.97	423.93	767.97	423.93	
1518101818	SMP	1	769.68	419.83	769.68	419.83	
1518110199	SMP	1	768.04	418.38	768.04	418.38	
1518118570	SMP	1	767.35	433.03	767.35	433.03	
1518126818	SMP	1	763.80	432.88	763.80	432.88	
1518135146	SMP	1	763.32	438.74	763.32	438.74	
1518143608	SMP	1	762.76	420.57	762.76	420.57	
1518151850	SMP	1	761.92	428.53	761.92	428.53	
1518160236	SMP	1	756.49	453.80	756.49	453.80	
1518168544	SMP	1	765.47	421.40	765.47	421.40	
1518176951	SMP	1	760.90	438.64	760.90	438.64	
1518185185	SMP	1	761.07	446.20	761.07	446.20	
1518193622	SMP	1	767.17	428.54	767.17	428.54	
1518201945	SMP	1	762.98	443.82	762.98	443.82	
1518210321	SMP	1	759.82	432.94	759.82	432.94	
1518218578	SMP	1	769.58	421.39	769.58	421.39	
1518226988	SMP	1	761.96	434.70	761.96	434.70	
1518235349	SMP	1	772.69	429.63	772.69	429.63	
1518243703	SMP	1	765.10	431.57	765.10	431.57	
1518251902	SMP	1	763.59	417.13	763.59	417.13	
1518260329	SMP	1	758.55	423.75	758.55	423.75	
1518268750	SMP	1	754.05	434.47	754.05	434.47	
1518277135	SMP	1	754.94	424.16	754.94	424.16	
1518285342	SMP	1	754.30	429.68	754.30	429.68	
1518293675	SMP	1	754.28	423.18	754.28	423.18	
1518302080	SMP	1	758.29	439.97	758.29	439.97	
1518310354	SMP	1	776.43	477.95	776.43	477.95	
1518318673	SMP	1	768.43	560.70	768.43	560.70	
1518327061	SMP	1	788.66	531.57	788.66	531.57	
1518335456	SMP	1	785.42	541.41	785.42	541.41	
1518343701	SMP	1	793.92	542.13	793.92	542.13	
1518352115	SMP	1	802.14	540.54	802.14	540.54	
1518360486	SMP	1	789.98	541.22	789.98	541.22	
1518368818	SMP	1	790.07	536.00	790.07	536.00	
1518377060	SMP	1	705.53	541.30	705.53	541.30	
1518385484	SMP	1	685.06	547.26	685.06	547.26	
1518393825	SMP	1	778.02	520.80	778.02	520.80	
1518402189	SMP	1	748.10	517.31	748.10	517.31	
1518410469	SMP	1	763.64	514.88	763.64	514.88	
1518418793	SMP	1	762.37	508.66	762.37	508.66	
1518427188	SMP	1	731.95	496.75	731.95	496.75	
1518435470	SMP	1	723.96	497.75	723.96	497.75	
1518443828	SMP	1	727.49	497.01	727.49	497.01	
1518452191	SMP	1	731.51	490.47	731.51	490.47	
1518460796	SMP	1	728.89	490.55	728.89	490.55	
1518468857	SMP	1	727.73	491.17	727.73	491.17	
1518477168	SMP	1	770.22	532.00	770.22	532.00	
1518485565	SMP	1	727.94	522.96	727.94	522.96	
1518493936	SMP	1	728.54	514.58	728.54	514.58	
1518502177	SMP	1	733.66	512.44	733.66	512.44	
1518510604	SMP	1	731.96	508.55	731.96	508.55	
1518518942	SMP	1	716.61	511.29	716.61	511.29	
1518527308	SMP	1	713.24	519.05	713.24	519.05	
1518535570	SMP	1	710.99	515.55	710.99	515.55	
1518543948	SMP	1	704.01	524.61	704.01	524.61	
1518552326	SMP	1	697.61	524.65	697.61	524.65	
1518560578	SMP	1	693.59	522.48	693.59	522.48	
1518568934	SMP	1	694.15	525.74	694.15	525.74	
1518577307	SMP	1	698.56	525.97	698.56	525.97	
1518585712	SMP	1	703.55	525.14	703.55	525.14	
1518593991	SMP	1	697.41	522.68	697.41	522.68	
1518602317	SMP	1	694.71	527.86	694.71	527.86	
1518610699	SMP	1	697.62	527.43	697.62	527.43	
1518619061	SMP	1	702.87	527.76	702.87	527.76	
1518627316	SMP	1	713.05	538.42	713.05	538.42	
1518635710	SMP	1	720.94	539.46	720.94	539.46	
1518644065	SMP	1	714.08	537.54	714.08	537.54	
1518652573	SMP	1	733.86	542.88	733.86	542.88	
1518660725	SMP	1	715.50	554.74	715.50	554.74	
1518669072	SMP	1	723.05	549.44	723.05	549.44	
1518677479	SMP	1	734.35	573.83	734.35	573.83	
1518685819	SMP	1	728.53	598.47	728.53	598.47	
1518694056	SMP	1	728.38	605.89	728.38	605.89	
1518702460	SMP	1	722.84	633.85	722.84	633.85	
1518710853	SMP	1	725.59	633.67	725.59	633.67	
1518719112	SMP	1	722.03	629.17	722.03	629.17	
1518727432	SMP	1	719.53	644.10	719.53	644.10	
1518735817	SMP	1	719.88	630.57	719.88	630.57	
1518744182	SMP	1	724.62	626.01	724.62	626.01	
1518752479	SMP	1	721.22	636.67	721.22	636.67	
1518760834	SMP	1	716.17	638.66	716.17	638.66	
1518769183	SMP	1	722.20	627.34	722.20	627.34	
1518777663	SMP	1	711.05	639.47	711.05	639.47	
1518785844	SMP	1	713.94	637.20	713.94	637.20	
1518794191	SMP	1	715.37	636.14	715.37	636.14	
1518802571	SMP	1	712.17	631.74	712.17	631.74	
1518810919	SMP	1	703.53	630.91	703.53	630.91	
1518819186	SMP	1	702.05	637.53	702.05	637.53	
1518827647	SMP	1	710.55	624.26	710.55	624.26	
1518835964	SMP	1	707.99	638.34	707.99	638.34	
1518844214	SMP	1	697.30	634.73	697.30	634.73	
1518852565	SMP	1	708.49	612.35	708.49	612.35	
1518860947	SMP	1	719.74	620.44	719.74	620.44	
1518869341	SMP	1	697.63	625.71	697.63	625.71	
1518877533	SMP	1	699.08	623.21	699.08	623.21	
1518885960	SMP	1	696.90	621.72	696.90	621.72	
1518894305	SMP	1	705.77	626.13	705.77	626.13	
1518902635	SMP	1	706.15	623.22	706.15	623.22	
1518910947	SMP	1	710.94	628.25	710.94	628.25	
1518919303	SMP	1	717.15	631.31	717.15	631.31	
1518927708	SMP	1	710.65	630.98	710.65	630.98	
1518936050	SMP	1	728.04	630.46	728.04	630.46	
1518944354	SMP	1	819.01	633.64	819.01	633.64	
1518952690	SMP	1	819.89	637.24	819.89	637.24	
1518961091	SMP	1	817.81	641.52	817.81	641.52	
1518969315	SMP	1	828.32	642.47	828.32	642.47	
1518977754	SMP	1	831.49	642.53	831.49	642.53	
1518986050	SMP	1	828.31	641.93	828.31	641.93	
1518994442	SMP	1	830.01	644.25	830.01	644.25	
1519002645	SMP	1	834.19	641.05	834.19	641.05	
1519011065	SMP	1	834.01	639.32	834.01	639.32	
1519019427	SMP	1	849.71	631.84	849.71	631.84	
1519027820	SMP	1	857.46	625.50	857.46	625.50	
1519036081	SMP	1	847.70	621.42	847.70	621.42	
1519044430	SMP	1	844.91	612.23	844.91	612.23	
1519052793	SMP	1	847.16	615.28	847.16	615.28	
1519061187	SMP	1	848.85	620.71	848.85	620.71	
1519069423	SMP	1	849.26	620.45	849.26	620.45	
1519077815	SMP	1	852.58	612.64	852.58	612.64	
1519086213	SMP	1	862.58	609.26	862.58	609.26	
1519094567	SMP	1	851.28	597.70	851.28	597.70	
1519102830	SMP	1	853.19	461.36	853.19	461.36	
1519111221	SMP	1	831.82	324.55	831.82	324.55	
1519119508	SMP	1	797.97	225.80	797.97	225.80	
1519127783	SMP	1	718.71	168.81	718.71	168.81	
1519136186	SMP	1	729.10	97.15	729.10	97.15	
1519144552	SMP	1	751.51	117.08	751.51	117.08	
1519152959	SMP	1	722.81	45.56	722.81	45.56	
1519161227	SMP	1	744.82	60.36	744.82	60.36	
1519169535	SMP	1	768.71	105.69	768.71	105.69	
1519177901	SMP	1	720.54	270.03	720.54	270.03	
1519186339	SMP	1	719.51	66.64	719.51	66.64	
1519194563	SMP	1	734.65	106.22	734.65	106.22	
1519202923	SMP	1	721.91	94.48	721.91	94.48	
1519211316	SMP	1	717.35	99.72	717.35	99.72	
1519219686	SMP	1	718.66	107.25	718.66	107.25	
1519227876	SMP	1	727.93	100.00	727.93	100.00	
1519236334	SMP	1	716.48	83.86	716.48	83.86	
1519244669	SMP	1	715.03	88.99	715.03	88.99	
1519252924	SMP	1	690.95	275.74	690.95	275.74	
1519261327	SMP	1	703.28	177.26	703.28	177.26	
1519269714	SMP	1	701.20	95.59	701.20	95.59	
1519278058	SMP	1	720.94	108.05	720.94	108.05	
1519286323	SMP	1	718.45	113.67	718.45	113.67	
1519294655	SMP	1	700.61	100.96	700.61	100.96	
1519303010	SMP	1	710.18	257.86	710.18	257.86	
1519311449	SMP	1	702.97	134.92	702.97	134.92	
1519319632	SMP	1	735.84	117.33	735.84	117.33	
1519328048	SMP	1	722.40	147.39	722.40	147.39	
1519336443	SMP	1	707.90	114.40	707.90	114.40	
1519344852	SMP	1	678.06	55.06	678.06	55.06	
1519353058	SMP	1	715.39	177.30	715.39	177.30	
1519361464	SMP	1	730.83	177.53	730.83	177.53	
1519369796	SMP	1	714.70	152.82	714.70	152.82	
1519378059	SMP	1	711.44	104.31	711.44	104.31	
1519386417	SMP	1	703.51	259.63	703.51	259.63	
1519394838	SMP	1	708.51	115.29	708.51	115.29	
1519403178	SMP	1	702.85	130.15	702.85	130.15	
1519411439	SMP	1	710.24	127.69	710.24	127.69	
1519419767	SMP	1	709.88	158.01	709.88	158.01	
1519428221	SMP	1	711.33	176.20	711.33	176.20	
1519436790	SMP	1	688.17	134.90	688.17	134.90	
1519444796	SMP	1	669.60	328.74	669.60	328.74	
1519453174	SMP	1	636.59	295.82	636.59	295.82	
1519461624	SMP	1	648.67	325.74	648.67	325.74	
1519469935	SMP	1	672.56	123.27	672.56	123.27	
1519478171	SMP	1	656.35	120.99	656.35	120.99	
1519486672	SMP	1	684.35	160.26	684.35	160.26	
1519494920	SMP	1	669.95	163.57	669.95	163.57	
1519503286	SMP	1	665.79	141.93	665.79	141.93	
1519511588	SMP	1	677.36	161.89	677.36	161.89	
1519519920	SMP	1	673.49	164.67	673.49	164.67	
1519528294	SMP	1	667.92	111.92	667.92	111.92	
1519536567	SMP	1	663.63	282.86	663.63	282.86	
1519544904	SMP	1	669.62	284.96	669.62	284.96	
1519553335	SMP	1	700.80	114.67	700.80	114.67	
1519561724	SMP	1	679.39	282.75	679.39	282.75	
1519569919	SMP	1	687.35	276.65	687.35	276.65	
1519578298	SMP	1	697.40	275.85	697.40	275.85	
1519586715	SMP	1	675.49	258.55	675.49	258.55	
1519595055	SMP	1	672.14	264.14	672.14	264.14	
1519603301	SMP	1	713.35	273.80	713.35	273.80	
1519611688	SMP	1	673.99	259.48	673.99	259.48	
1519620045	SMP	1	702.79	289.63	702.79	289.63	
1519628372	SMP	1	729.87	286.33	729.87	286.33	
1519636716	SMP	1	686.03	265.43	686.03	265.43	
1519645050	SMP	1	700.81	280.34	700.81	280.34	
1519653422	SMP	1	683.42	239.87	683.42	239.87	
1519661718	SMP	1	711.14	260.90	711.14	260.90	
1519670051	SMP	1	693.69	239.20	693.69	239.20	
1519678440	SMP	1	731.29	239.48	731.29	239.48	
1519686746	SMP	1	718.57	223.81	718.57	223.81	
1519695040	SMP	1	711.98	234.91	711.98	234.91	
1519703374	SMP	1	720.22	239.42	720.22	239.42	
1519711839	SMP	1	694.78	228.69	694.78	228.69	
1519720205	SMP	1	707.25	250.97	707.25	250.97	
1519728420	SMP	1	703.07	244.63	703.07	244.63	
1519736770	SMP	1	706.78	242.98	706.78	242.98	
1519745205	SMP	1	721.57	277.20	721.57	277.20	
1519753515	SMP	1	728.55	242.67	728.55	242.67	
1519761873	SMP	1	728.87	287.87	728.87	287.87	
1519770169	SMP	1	729.49	291.14	729.49	291.14	
1519778542	SMP	1	729.85	301.66	729.85	301.66	
1519786934	SMP	1	727.50	107.41	727.50	107.41	
1519795172	SMP	1	721.56	284.15	721.56	284.15	
1519803554	SMP	1	685.24	308.25	685.24	308.25	
1519811922	SMP	1	653.53	300.49	653.53	300.49	
1519820160	SMP	1	657.30	251.62	657.30	251.62	
1519828584	SMP	1	718.15	296.51	718.15	296.51	
1519836932	SMP	1	715.29	285.25	715.29	285.25	
1519845304	SMP	1	656.67	294.41	656.67	294.41	
1519853581	SMP	1	606.04	257.86	606.04	257.86	
1519861954	SMP	1	607.55	271.41	607.55	271.41	
1519870300	SMP	1	646.02	282.40	646.02	282.40	
1519878651	SMP	1	600.67	275.53	600.67	275.53	
1519887019	SMP	1	656.09	77.85	656.09	77.85	
1519895287	SMP	1	654.25	250.90	654.25	250.90	
1519903683	SMP	1	671.60	261.83	671.60	261.83	
1519912081	SMP	1	688.88	260.82	688.88	260.82	
1519920266	SMP	1	675.61	135.91	675.61	135.91	
1519928667	SMP	1	808.73	268.51	808.73	268.51	
1519937037	SMP	1	800.97	254.85	800.97	254.85	
1519945278	SMP	1	810.02	259.43	810.02	259.43	
1519953701	SMP	1	827.82	127.88	827.82	127.88	
1519962043	SMP	1	807.83	266.11	807.83	266.11	
1519970439	SMP	1	827.97	298.92	827.97	298.92	
1519978682	SMP	1	829.25	304.44	829.25	304.44	
1519987073	SMP	1	827.81	307.05	827.81	307.05	
1519995380	SMP	1	806.14	280.88	806.14	280.88	
1520003802	SMP	1	825.61	129.37	825.61	129.37	
1520011994	SMP	1	822.85	126.89	822.85	126.89	
1520020410	SMP	1	782.50	293.39	782.50	293.39	
1520028758	SMP	1	768.59	298.83	768.59	298.83	
1520037194	SMP	1	777.29	314.90	777.29	314.90	
1520045447	SMP	1	787.72	89.18	787.72	89.18	
1520053809	SMP	1	821.33	119.75	821.33	119.75	
1520062172	SMP	1	789.87	95.63	789.87	95.63	
1520070439	SMP	1	810.97	152.67	810.97	152.67	
1520078784	SMP	1	797.51	97.14	797.51	97.14	
1520087166	SMP	1	807.06	119.41	807.06	119.41	
1520095547	SMP	1	807.64	120.60	807.64	120.60	
1520103769	SMP	1	804.36	141.05	804.36	141.05	
1520112207	SMP	1	811.82	157.56	811.82	157.56	
1520120534	SMP	1	871.15	173.30	871.15	173.30	
1520128879	SMP	1	864.69	209.63	864.69	209.63	
1520137181	SMP	1	864.25	172.93	864.25	172.93	
1520145583	SMP	1	834.40	159.74	834.40	159.74	
1520153939	SMP	1	838.38	170.55	838.38	170.55	
1520162326	SMP	1	839.79	172.82	839.79	172.82	
1520170524	SMP	1	849.47	195.36	849.47	195.36	
1520178914	SMP	1	844.36	187.67	844.36	187.67	
1520187277	SMP	1	839.31	155.79	839.31	155.79	
1520195576	SMP	1	830.02	164.87	830.02	164.87	
1520203910	SMP	1	824.54	142.04	824.54	142.04	
1520212312	SMP	1	827.66	165.63	827.66	165.63	
1520220710	SMP	1	856.82	158.96	856.82	158.96	
1520228920	SMP	1	865.63	190.89	865.63	190.89	
1520237311	SMP	1	849.03	185.33	849.03	185.33	
1520245684	SMP	1	866.53	189.39	866.53	189.39	
1520254044	SMP	1	858.73	191.64	858.73	191.64	
1520262282	SMP	1	862.93	196.80	862.93	196.80	
1520270794	SMP	1	844.49	220.00	844.49	220.00	
1520279052	SMP	1	867.34	196.21	867.34	196.21	
1520287401	SMP	1	877.45	206.15	877.45	206.15	
1520295684	SMP	1	872.37	236.05	872.37	236.05	
1520304067	SMP	1	871.42	228.97	871.42	228.97	
1520312448	SMP	1	878.08	220.02	878.08	220.02	
1520320783	SMP	1	864.08	202.88	864.08	202.88	
1520329022	SMP	1	866.75	193.16	866.75	193.16	
1520337403	SMP	1	870.86	199.89	870.86	199.89	
1520345778	SMP	1	869.47	211.02	869.47	211.02	
1520354025	SMP	1	810.94	284.67	810.94	284.67	
1520362448	SMP	1	761.42	252.14	761.42	252.14	
1520370789	SMP	1	674.60	227.08	674.60	227.08	
1520379141	SMP	1	701.92	233.89	701.92	233.89	
1520387401	SMP	1	724.91	217.07	724.91	217.07	
1520395756	SMP	1	716.11	213.38	716.11	213.38	
1520404149	SMP	1	702.02	222.43	702.02	222.43	
1520412602	SMP	1	714.15	209.75	714.15	209.75	
1520420800	SMP	1	712.36	200.44	712.36	200.44	
1520429168	SMP	1	711.02	175.26	711.02	175.26	
1520437573	SMP	1	718.73	191.57	718.73	191.57	
1520445911	SMP	1	720.12	166.20	720.12	166.20	
1520454121	SMP	1	716.54	158.23	716.54	158.23	
1520462561	SMP	1	715.05	177.04	715.05	177.04	
1520470929	SMP	1	710.64	186.85	710.64	186.85	
1520479159	SMP	1	718.10	165.62	718.10	165.62	
1520487656	SMP	1	719.25	164.30	719.25	164.30	
1520495918	SMP	1	718.67	137.06	718.67	137.06	
1520504278	SMP	1	716.22	157.93	716.22	157.93	
1520512578	SMP	1	714.75	158.71	714.75	158.71	
1520520911	SMP	1	705.14	160.60	705.14	160.60	
1520529280	SMP	1	696.93	161.12	696.93	161.12	
1520537795	SMP	1	707.04	172.46	707.04	172.46	
1520545953	SMP	1	704.02	185.24	704.02	185.24	
1520554285	SMP	1	707.53	205.33	707.53	205.33	
1520562687	SMP	1	719.45	189.23	719.45	189.23	
1520571034	SMP	1	719.69	198.93	719.69	198.93	
1520579303	SMP	1	716.00	176.16	716.00	176.16	
1520587676	SMP	1	698.96	146.15	698.96	146.15	
1520596065	SMP	1	690.98	128.63	690.98	128.63	
1520604281	SMP	1	696.11	161.21	696.11	161.21	
1520612686	SMP	1	686.47	184.53	686.47	184.53	
1520621006	SMP	1	683.69	191.58	683.69	191.58	
1520629449	SMP	1	687.96	190.65	687.96	190.65	
1520637743	SMP	1	702.50	222.14	702.50	222.14	
1520646023	SMP	1	708.46	243.56	708.46	243.56	
1520654426	SMP	1	713.55	280.32	713.55	280.32	
1520662815	SMP	1	709.51	277.31	709.51	277.31	
1520671050	SMP	1	697.65	225.33	697.65	225.33	
1520679415	SMP	1	754.44	255.46	754.44	255.46	
1520687767	SMP	1	690.38	215.91	690.38	215.91	
1520696148	SMP	1	901.76	280.10	901.76	280.10	
1520704428	SMP	1	871.32	312.68	871.32	312.68	
1520712792	SMP	1	805.39	298.98	805.39	298.98	
1520721145	SMP	1	804.03	239.62	804.03	239.62	
1520729357	SMP	1	808.19	255.90	808.19	255.90	
1520737765	SMP	1	790.39	260.66	790.39	260.66	
1520746162	SMP	1	813.40	254.04	813.40	254.04	
1520754560	SMP	1	779.21	247.56	779.21	247.56	
1520762794	SMP	1	786.02	247.21	786.02	247.21	
1520771154	SMP	1	768.97	236.78	768.97	236.78	
1520779502	SMP	1	760.52	241.13	760.52	241.13	
1520787882	SMP	1	801.85	253.21	801.85	253.21	
1520796150	SMP	1	794.25	264.74	794.25	264.74	
1520804523	SMP	1	776.50	260.89	776.50	260.89	
1520812931	SMP	1	754.20	256.89	754.20	256.89	
1520821269	SMP	1	727.47	248.45	727.47	248.45	
1520829524	SMP	1	789.00	251.85	789.00	251.85	
1520837881	SMP	1	794.01	269.64	794.01	269.64	
1520846273	SMP	1	799.84	277.54	799.84	277.54	
1520854616	SMP	1	730.73	248.09	730.73	248.09	
1520862916	SMP	1	807.48	286.13	807.48	286.13	
1520871321	SMP	1	772.67	273.31	772.67	273.31	
1520879652	SMP	1	772.26	281.56	772.26	281.56	
1520887852	SMP	1	711.68	255.73	711.68	255.73	
1520896262	SMP	1	725.16	268.70	725.16	268.70	
1520904645	SMP	1	740.45	267.44	740.45	267.44	
1520913065	SMP	1	723.33	267.15	723.33	267.15	
1520921303	SMP	1	801.79	278.69	801.79	278.69	
1520929650	SMP	1	768.74	290.70	768.74	290.70	
1520938003	SMP	1	745.49	272.03	745.49	272.03	
1520946419	SMP	1	729.91	267.32	729.91	267.32	
1520954678	SMP	1	767.67	273.98	767.67	273.98	
1520963036	SMP	1	790.99	290.21	790.99	290.21	
1520971415	SMP	1	789.22	151.48	789.22	151.48	
1520979726	SMP	1	750.67	347.79	750.67	347.79	
1520988047	SMP	1	739.12	312.59	739.12	312.59	
1520996432	SMP	1	764.00	304.45	764.00	304.45	
1521004754	SMP	1	785.27	316.70	785.27	316.70	
1521013015	SMP	1	779.55	333.55	779.55	333.55	
1521021400	SMP	1	791.82	343.81	791.82	343.81	
1521029811	SMP	1	796.67	345.35	796.67	345.35	
1521038174	SMP	1	784.28	328.88	784.28	328.88	
1521046417	SMP	1	778.14	317.78	778.14	317.78	
1521054851	SMP	1	781.93	330.31	781.93	330.31	
1521063175	SMP	1	785.95	327.99	785.95	327.99	
1521071575	SMP	1	808.50	335.77	808.50	335.77	
1521079739	SMP	1	786.84	164.12	786.84	164.12	
1521088136	SMP	1	796.99	183.31	796.99	183.31	
1521096517	SMP	1	790.05	197.93	790.05	197.93	
1521104894	SMP	1	770.38	131.28	770.38	131.28	
1521113185	SMP	1	779.39	139.38	779.39	139.38	
1521121479	SMP	1	772.34	179.57	772.34	179.57	
1521129900	SMP	1	767.83	205.51	767.83	205.51	
1521138286	SMP	1	754.79	205.38	754.79	205.38	
1521146518	SMP	1	765.10	202.04	765.10	202.04	
1521154935	SMP	1	763.21	198.79	763.21	198.79	
1521163304	SMP	1	764.44	204.24	764.44	204.24	
1521171564	SMP	1	762.21	205.45	762.21	205.45	
1521179883	SMP	1	761.44	214.05	761.44	214.05	
1521188302	SMP	1	754.19	200.70	754.19	200.70	
1521196734	SMP	1	752.62	208.91	752.62	208.91	
1521204882	SMP	1	751.50	211.74	751.50	211.74	
1521213280	SMP	1	754.36	224.19	754.36	224.19	
1521221634	SMP	1	757.73	236.49	757.73	236.49	
1521230214	SMP	1	757.91	215.57	757.91	215.57	
1521238302	SMP	1	753.52	217.49	753.52	217.49	
1521246655	SMP	1	831.88	240.54	831.88	240.54	
1521255024	SMP	1	847.22	260.07	847.22	260.07	
1521263397	SMP	1	857.89	233.27	857.89	233.27	
1521271673	SMP	1	846.13	251.76	846.13	251.76	
1521280019	SMP	1	847.59	248.35	847.59	248.35	
1521288406	SMP	1	853.24	257.57	853.24	257.57	
1521296669	SMP	1	779.31	237.47	779.31	237.47	
1521305011	SMP	1	774.63	231.46	774.63	231.46	
1521313435	SMP	1	787.17	229.46	787.17	229.46	
1521321763	SMP	1	782.54	229.79	782.54	229.79	
1521330046	SMP	1	732.26	217.89	732.26	217.89	
1521338394	SMP	1	727.71	219.43	727.71	219.43	
1521346769	SMP	1	782.88	260.06	782.88	260.06	
1521355106	SMP	1	749.65	258.86	749.65	258.86	
1521363431	SMP	1	754.46	247.46	754.46	247.46	
1521371785	SMP	1	740.37	245.80	740.37	245.80	
1521380101	SMP	1	751.23	263.27	751.23	263.27	
1521388652	SMP	1	740.23	239.93	740.23	239.93	
1521396766	SMP	1	746.39	236.08	746.39	236.08	
1521405139	SMP	1	746.49	201.81	746.49	201.81	
1521413547	SMP	1	742.54	199.25	742.54	199.25	
1521421780	SMP	1	743.75	209.71	743.75	209.71	
1521430134	SMP	1	747.40	200.64	747.40	200.64	
1521438545	SMP	1	752.79	186.79	752.79	186.79	
1521446888	SMP	1	763.33	177.39	763.33	177.39	
1521455145	SMP	1	773.45	170.17	773.45	170.17	
1521463515	SMP	1	779.59	167.09	779.59	167.09	
1521471950	SMP	1	779.67	171.59	779.67	171.59	
1521480271	SMP	1	776.69	155.01	776.69	155.01	
1521488509	SMP	1	767.14	161.46	767.14	161.46	
1521496884	SMP	1	782.15	184.35	782.15	184.35	
1521505305	SMP	1	787.23	192.13	787.23	192.13	
1521513618	SMP	1	787.40	194.88	787.40	194.88	
1521521883	SMP	1	787.30	203.75	787.30	203.75	
1521530255	SMP	1	787.37	177.46	787.37	177.46	
1521538660	SMP	1	788.93	152.85	788.93	152.85	
1521547036	SMP	1	786.73	197.52	786.73	197.52	
1521555294	SMP	1	788.04	191.77	788.04	191.77	
1521563684	SMP	1	788.44	205.00	788.44	205.00	
1521572013	SMP	1	789.26	217.91	789.26	217.91	
1521580282	SMP	1	791.28	217.43	791.28	217.43	
1521588667	SMP	1	790.61	237.72	790.61	237.72	
1521597017	SMP	1	782.26	252.13	782.26	252.13	
1521605341	SMP	1	774.62	279.19	774.62	279.19	
1521613636	SMP	1	780.30	293.13	780.30	293.13	
1521622017	SMP	1	795.64	343.65	795.64	343.65	
1521630416	SMP	1	801.25	342.28	801.25	342.28	
1521638786	SMP	1	798.64	278.91	798.64	278.91	
1521647007	SMP	1	808.86	328.28	808.86	328.28	
1521655368	SMP	1	969.23	248.05	969.23	248.05	
1521663800	SMP	1	965.73	345.65	965.73	345.65	
1521672149	SMP	1	966.93	352.14	966.93	352.14	
1521680398	SMP	1	963.64	355.53	963.64	355.53	
1521688767	SMP	1	951.16	348.24	951.16	348.24	
1521697128	SMP	1	880.16	346.91	880.16	346.91	
1521705322	SMP	1	896.11	357.04	896.11	357.04	
1521713807	SMP	1	903.89	347.01	903.89	347.01	
1521722141	SMP	1	926.12	352.20	926.12	352.20	
1521730465	SMP	1	960.19	363.43	960.19	363.43	
1521738784	SMP	1	966.49	333.75	966.49	333.75	
1521747188	SMP	1	972.02	328.84	972.02	328.84	
1521755511	SMP	1	961.64	318.41	961.64	318.41	
1521763859	SMP	1	885.17	329.45	885.17	329.45	
1521772124	SMP	1	888.99	354.36	888.99	354.36	
1521780466	SMP	1	884.96	339.79	884.96	339.79	
1521788875	SMP	1	885.85	343.78	885.85	343.78	
1521797304	SMP	1	883.24	355.68	883.24	355.68	
1521805543	SMP	1	886.76	346.18	886.76	346.18	
1521813915	SMP	1	893.07	338.58	893.07	338.58	
1521822265	SMP	1	886.31	338.46	886.31	338.46	
1521830482	SMP	1	889.49	345.03	889.49	345.03	
1521838913	SMP	1	883.76	335.17	883.76	335.17	
1521847251	SMP	1	886.22	313.96	886.22	313.96	
1521855676	SMP	1	868.71	323.36	868.71	323.36	
1521863912	SMP	1	807.57	232.59	807.57	232.59	
1521872273	SMP	1	818.70	100.07	818.70	100.07	
1521880666	SMP	1	688.87	111.05	688.87	111.05	
1521889012	SMP	1	723.94	57.72	723.94	57.72	
1521897252	SMP	1	710.57	265.29	710.57	265.29	
1521905666	SMP	1	725.07	239.38	725.07	239.38	
1521914045	SMP	1	734.27	250.13	734.27	250.13	
1521922357	SMP	1	789.32	263.66	789.32	263.66	
1521930642	SMP	1	697.56	247.85	697.56	247.85	
1521939031	SMP	1	713.92	254.18	713.92	254.18	
1521947381	SMP	1	706.66	243.31	706.66	243.31	
1521955794	SMP	1	710.78	251.40	710.78	251.40	
1521964011	SMP	1	693.91	245.67	693.91	245.67	
1521972376	SMP	1	767.08	227.30	767.08	227.30	
1521980742	SMP	1	755.62	202.71	755.62	202.71	
1521989035	SMP	1	726.05	181.10	726.05	181.10	
1521997565	SMP	1	724.50	178.17	724.50	178.17	
1522005754	SMP	1	741.10	193.97	741.10	193.97	
1522014128	SMP	1	714.67	174.81	714.67	174.81	
1522022369	SMP	1	738.52	175.06	738.52	175.06	
1522030766	SMP	1	721.20	165.47	721.20	165.47	
1522039163	SMP	1	740.18	166.25	740.18	166.25	
1522047641	SMP	1	732.18	148.19	732.18	148.19	
1522055755	SMP	1	741.70	156.12	741.70	156.12	
1522064168	SMP	1	688.18	161.45	688.18	161.45	
1522072448	SMP	1	644.71	153.93	644.71	153.93	
1522080917	SMP	1	632.00	159.72	632.00	159.72	
1522089137	SMP	1	652.67	165.53	652.67	165.53	
1522097572	SMP	1	645.83	163.06	645.83	163.06	
1522105833	SMP	1	644.59	164.62	644.59	164.62	
1522114173	SMP	1	657.60	163.88	657.60	163.88	
1522122543	SMP	1	648.32	164.83	648.32	164.83	
1522130878	SMP	1	645.52	168.81	645.52	168.81	
1522139251	SMP	1	645.26	198.15	645.26	198.15	
1522147556	SMP	1	632.90	179.49	632.90	179.49	
1522155899	SMP	1	0.00	0.00	0.00	0.00	
1522164264	SMP	1	0.00	0.00	0.00	0.00	
1522172660	SMP	1	752.32	188.43	752.32	188.43	
1522180849	SMP	1	749.98	-92.03	749.98	-92.03	
1522189265	SMP	1	0.00	-0.25	0.00	-0.25	
1522197696	SMP	1	0.00	-0.18	0.00	-0.18	
1522205971	SMP	1	0.00	-0.15	0.00	-0.15	
1522214301	SMP	1	765.84	39.89	765.84	39.89	
1522222659	SMP	1	831.10	197.53	831.10	197.53	
1522230983	SMP	1	844.98	197.40	844.98	197.40	
1522239482	SMP	1	739.95	209.03	739.95	209.03	
1522247648	SMP	1	804.32	200.58	804.32	200.58	
1522255996	SMP	1	770.80	278.10	770.80	278.10	
1522264371	SMP	1	830.55	215.07	830.55	215.07	
1522272650	SMP	1	733.02	48.66	733.02	48.66	
1522281015	SMP	1	766.62	208.95	766.62	208.95	
1522289398	SMP	1	735.40	155.91	735.40	155.91	
1522297732	SMP	1	755.86	149.05	755.86	149.05	
1522306038	SMP	1	776.88	619.51	776.88	619.51	
1522314417	SMP	1	0.00	7.71	0.00	7.71	
1522322747	SMP	1	0.00	4.05	0.00	4.05	
1522331138	SMP	1	0.00	2.69	0.00	2.69	
1522339374	SMP	1	0.00	1.99	0.00	1.99	
1522347707	SMP	1	0.00	1.55	0.00	1.55	
1522356128	SMP	1	0.00	1.26	0.00	1.26	
1522364504	SMP	1	0.00	0.00	0.00	0.00	
1522372742	SMP	1	0.00	0.00	0.00	0.00	
1522381236	SMP	1	0.00	0.00	0.00	0.00	
1522389542	SMP	1	0.00	0.00	0.00	0.00	
1522397719	SMP	1	0.00	0.00	0.00	0.00	
1522406116	SMP	1	0.00	0.00	0.00	0.00	
1522414478	SMP	1	0.00	0.00	0.00	0.00	
1522422891	SMP	1	0.00	0.00	0.00	0.00	
1522431138	SMP	1	889.01	744.58	889.01	744.58	
1522439548	SMP	1	689.36	-0.32	689.36	-0.32	
1522447854	SMP	1	866.50	23.27	866.50	23.27	
1522456233	SMP	1	558.67	115.17	558.67	115.17	
1522464538	SMP	1	578.72	82.85	578.72	82.85	
1522472877	SMP	1	1046.33	125.02	1046.33	125.02	
1522481210	SMP	1	1040.65	274.84	1040.65	274.84	
1522489662	SMP	1	856.94	275.51	856.94	275.51	
1522497836	SMP	1	906.11	115.39	906.11	115.39	
1522506240	SMP	1	902.10	86.67	902.10	86.67	
1522514652	SMP	1	905.68	119.98	905.68	119.98	
1522522874	SMP	1	871.45	116.60	871.45	116.60	
1522531241	SMP	1	870.55	87.16	870.55	87.16	
1522539650	SMP	1	742.72	121.64	742.72	121.64	
1522548030	SMP	1	741.48	75.15	741.48	75.15	
1522556246	SMP	1	745.05	105.16	745.05	105.16	
1522564625	SMP	1	734.37	66.23	734.37	66.23	
1522572999	SMP	1	786.08	134.36	786.08	134.36	
1522581385	SMP	1	769.89	67.31	769.89	67.31	
1522589625	SMP	1	839.65	95.56	839.65	95.56	
1522598019	SMP	1	792.14	64.83	792.14	64.83	
1522606323	SMP	1	729.13	66.46	729.13	66.46	
1522614765	SMP	1	765.67	26.15	765.67	26.15	
1522623023	SMP	1	710.89	95.54	710.89	95.54	
1522631370	SMP	1	699.87	49.20	699.87	49.20	
1522639708	SMP	1	810.76	99.19	810.76	99.19	
1522648063	SMP	1	767.75	48.54	767.75	48.54	
1522656394	SMP	1	738.58	43.54	738.58	43.54	
1522664769	SMP	1	748.14	59.49	748.14	59.49	
1522673161	SMP	1	771.22	112.43	771.22	112.43	
1522681376	SMP	1	756.31	50.37	756.31	50.37	
1522689774	SMP	1	756.70	52.03	756.70	52.03	
1522698113	SMP	1	670.03	132.45	670.03	132.45	
1522706488	SMP	1	741.76	40.07	741.76	40.07	
1522714760	SMP	1	698.22	55.17	698.22	55.17	
1522723117	SMP	1	720.02	116.83	720.02	116.83	
1522731496	SMP	1	714.27	100.83	714.27	100.83	
1522739898	SMP	1	746.31	90.36	746.31	90.36	
1522748130	SMP	1	762.36	65.35	762.36	65.35	
1522756647	SMP	1	739.77	73.43	739.77	73.43	
1522764871	SMP	1	728.25	60.23	728.25	60.23	
1522773236	SMP	1	725.51	70.53	725.51	70.53	
1522781508	SMP	1	713.56	101.31	713.56	101.31	
1522789910	SMP	1	777.95	-3.66	777.95	-3.66	
1522798259	SMP	1	793.15	-16.17	793.15	-16.17	
1522806571	SMP	1	802.23	-0.58	802.23	-0.58	
1522814886	SMP	1	787.26	-2.93	787.26	-2.93	
1522823237	SMP	1	808.43	69.22	808.43	69.22	
1522831612	SMP	1	891.97	105.63	891.97	105.63	
1522839905	SMP	1	837.87	110.11	837.87	110.11	
1522848248	SMP	1	581.34	120.13	581.34	120.13	
1522856653	SMP	1	547.68	127.48	547.68	127.48	
1522865022	SMP	1	712.92	28.38	712.92	28.38	
1522873204	SMP	1	723.83	117.29	723.83	117.29	
1522881680	SMP	1	722.57	77.68	722.57	77.68	
1522889987	SMP	1	720.65	39.22	720.65	39.22	
1522898312	SMP	1	709.01	150.76	709.01	150.76	
1522906673	SMP	1	709.34	188.92	709.34	188.92	
1522915024	SMP	1	708.36	223.04	708.36	223.04	
1522923405	SMP	1	719.05	220.55	719.05	220.55	
1522931614	SMP	1	728.30	72.87	728.30	72.87	
1522940015	SMP	1	824.28	87.27	824.28	87.27	
1522948383	SMP	1	868.97	203.18	868.97	203.18	
1522956724	SMP	1	871.94	225.21	871.94	225.21	
1522964995	SMP	1	861.55	96.52	861.55	96.52	
1522973372	SMP	1	852.19	170.17	852.19	170.17	
1522981730	SMP	1	860.15	199.77	860.15	199.77	
1522990127	SMP	1	853.09	179.98	853.09	179.98	
1522998398	SMP	1	860.05	232.13	860.05	232.13	
1523006685	SMP	1	868.38	208.87	868.38	208.87	
1523015106	SMP	1	856.92	158.81	856.92	158.81	
1523023589	SMP	1	860.53	166.31	860.53	166.31	
1523031733	SMP	1	855.09	184.62	855.09	184.62	
1523040144	SMP	1	862.10	181.79	862.10	181.79	
1523048499	SMP	1	858.59	180.50	858.59	180.50	
1523056865	SMP	1	845.16	191.48	845.16	191.48	
1523065131	SMP	1	846.09	191.04	846.09	191.04	
1523073517	SMP	1	855.26	186.27	855.26	186.27	
1523081844	SMP	1	849.24	189.79	849.24	189.79	
1523090145	SMP	1	850.50	192.56	850.50	192.56	
1523098481	SMP	1	846.92	184.88	846.92	184.88	
1523106911	SMP	1	846.15	189.13	846.15	189.13	
1523115266	SMP	1	846.08	184.37	846.08	184.37	
1523123485	SMP	1	837.21	173.93	837.21	173.93	
1523131863	SMP	1	840.15	166.11	840.15	166.11	
1523140239	SMP	1	841.02	131.20	841.02	131.20	
1523148653	SMP	1	860.60	156.44	860.60	156.44	
1523156905	SMP	1	907.91	236.51	907.91	236.51	
1523165221	SMP	1	924.58	264.90	924.58	264.90	
1523173633	SMP	1	901.38	211.55	901.38	211.55	
1523182030	SMP	1	886.48	187.71	886.48	187.71	
1523190276	SMP	1	912.25	207.48	912.25	207.48	
1523207003	SMP	1	0.00	0.18	0.00	0.18	
1523223608	SMP	1	899.53	180.16	899.53	180.16	
1523232010	SMP	1	893.69	184.66	893.69	184.66	
1523240375	SMP	1	896.61	171.09	896.61	171.09	
1523248606	SMP	1	881.68	204.25	881.68	204.25	
1523256999	SMP	1	894.65	184.27	894.65	184.27	
1523265401	SMP	1	880.01	171.11	880.01	171.11	
1523273748	SMP	1	889.74	197.06	889.74	197.06	
1523281998	SMP	1	885.32	215.46	885.32	215.46	
1523290362	SMP	1	893.81	188.55	893.81	188.55	
1523298737	SMP	1	887.01	183.87	887.01	183.87	
1523307104	SMP	1	883.26	217.98	883.26	217.98	
1523315387	SMP	1	881.46	205.01	881.46	205.01	
1523323735	SMP	1	884.50	203.04	884.50	203.04	
1523332125	SMP	1	868.51	201.86	868.51	201.86	
1523340563	SMP	1	885.06	207.06	885.06	207.06	
1523348757	SMP	1	881.33	204.09	881.33	204.09	
1523357128	SMP	1	878.01	191.35	878.01	191.35	
1523365470	SMP	1	879.19	194.01	879.19	194.01	
1523373751	SMP	1	882.78	206.26	882.78	206.26	
1523382132	SMP	1	880.53	209.40	880.53	209.40	
1523390474	SMP	1	878.82	213.44	878.82	213.44	
1523398880	SMP	1	877.52	216.41	877.52	216.41	
1523407143	SMP	1	876.95	182.92	876.95	182.92	
1523415470	SMP	1	871.90	180.86	871.90	180.86	
1523423907	SMP	1	875.80	204.52	875.80	204.52	
1523432237	SMP	1	873.75	214.06	873.75	214.06	
1523440478	SMP	1	873.60	243.42	873.60	243.42	
1523448848	SMP	1	875.63	252.57	875.63	252.57	
1523457261	SMP	1	876.97	258.32	876.97	258.32	
1523465667	SMP	1	877.39	229.59	877.39	229.59	
1523473857	SMP	1	878.05	229.53	878.05	229.53	
1523482234	SMP	1	878.40	204.38	878.40	204.38	
1523490606	SMP	1	882.42	218.71	882.42	218.71	
1523498845	SMP	1	876.92	205.00	876.92	205.00	
1523507273	SMP	1	874.98	262.27	874.98	262.27	
1523515634	SMP	1	874.94	182.02	874.94	182.02	
1523523983	SMP	1	871.11	197.01	871.11	197.01	
1523532251	SMP	1	866.74	195.83	866.74	195.83	
1523540640	SMP	1	874.38	207.90	874.38	207.90	
1523548981	SMP	1	869.30	189.94	869.30	189.94	
1523557349	SMP	1	864.69	164.25	864.69	164.25	
1523565547	SMP	1	859.73	182.34	859.73	182.34	
1523573974	SMP	1	859.62	190.35	859.62	190.35	
1523582376	SMP	1	859.23	190.18	859.23	190.18	
1523590750	SMP	1	854.73	183.71	854.73	183.71	
1523598997	SMP	1	853.16	174.17	853.16	174.17	
1523607366	SMP	1	857.70	186.55	857.70	186.55	
1523615743	SMP	1	859.66	194.07	859.66	194.07	
1523623988	SMP	1	860.50	216.23	860.50	216.23	
1523632370	SMP	1	866.75	220.89	866.75	220.89	
1523640727	SMP	1	865.45	198.81	865.45	198.81	
1523649063	SMP	1	864.39	232.94	864.39	232.94	
1523657379	SMP	1	860.87	244.54	860.87	244.54	
1523665755	SMP	1	859.36	209.36	859.36	209.36	
1523674140	SMP	1	862.69	250.68	862.69	250.68	
1523682478	SMP	1	852.39	241.70	852.39	241.70	
1523690727	SMP	1	866.19	258.74	866.19	258.74	
1523699135	SMP	1	862.95	244.07	862.95	244.07	
1523707544	SMP	1	862.68	257.92	862.68	257.92	
1523715864	SMP	1	795.87	252.57	795.87	252.57	
1523724093	SMP	1	770.68	234.53	770.68	234.53	
1523732477	SMP	1	753.37	245.85	753.37	245.85	
1523740822	SMP	1	759.75	267.22	759.75	267.22	
1523749132	SMP	1	754.23	264.66	754.23	264.66	
1523757579	SMP	1	715.33	236.32	715.33	236.32	
1523765861	SMP	1	726.01	254.03	726.01	254.03	
1523774262	SMP	1	730.94	261.49	730.94	261.49	
1523782503	SMP	1	733.85	252.62	733.85	252.62	
1523790833	SMP	1	726.33	229.53	726.33	229.53	
1523799217	SMP	1	728.17	237.81	728.17	237.81	
1523807610	SMP	1	733.80	270.78	733.80	270.78	
1523815840	SMP	1	725.33	267.35	725.33	267.35	
1523824274	SMP	1	721.06	246.06	721.06	246.06	
1523832621	SMP	1	710.12	224.02	710.12	224.02	
1523840955	SMP	1	714.43	228.63	714.43	228.63	
1523849218	SMP	1	725.62	240.14	725.62	240.14	
1523857678	SMP	1	724.73	235.21	724.73	235.21	
1523865965	SMP	1	734.43	233.01	734.43	233.01	
1523874350	SMP	1	729.09	227.34	729.09	227.34	
1523882573	SMP	1	720.86	208.22	720.86	208.22	
1523891007	SMP	1	738.37	235.67	738.37	235.67	
1523899342	SMP	1	736.70	224.05	736.70	224.05	
1523907663	SMP	1	731.38	221.56	731.38	221.56	
1523915946	SMP	1	739.37	223.61	739.37	223.61	
1523924383	SMP	1	738.82	235.50	738.82	235.50	
1523932690	SMP	1	736.05	217.73	736.05	217.73	
1523941015	SMP	1	725.17	194.50	725.17	194.50	
1523949406	SMP	1	735.81	234.35	735.81	234.35	
1523957720	SMP	1	742.65	240.15	742.65	240.15	
1523966054	SMP	1	735.40	211.99	735.40	211.99	
1523974351	SMP	1	740.86	206.69	740.86	206.69	
1523982750	SMP	1	740.38	225.10	740.38	225.10	
1523991126	SMP	1	735.78	231.51	735.78	231.51	
1523999466	SMP	1	730.06	193.59	730.06	193.59	
1524007732	SMP	1	724.54	195.07	724.54	195.07	
1524016114	SMP	1	721.67	225.83	721.67	225.83	
1524024482	SMP	1	735.61	251.71	735.61	251.71	
1524032737	SMP	1	732.62	206.08	732.62	206.08	
1524041083	SMP	1	726.20	191.83	726.20	191.83	
1524049476	SMP	1	728.87	347.33	728.87	347.33	
1524057799	SMP	1	731.34	379.00	731.34	379.00	
1524066127	SMP	1	724.06	360.69	724.06	360.69	
1524074481	SMP	1	684.50	345.00	684.50	345.00	
1524082861	SMP	1	804.50	369.98	804.50	369.98	
1524091235	SMP	1	733.21	173.99	733.21	173.99	
1524099498	SMP	1	787.04	234.36	787.04	234.36	
1524107821	SMP	1	790.38	207.67	790.38	207.67	
1524116211	SMP	1	763.57	190.05	763.57	190.05	
1524124572	SMP	1	800.31	204.96	800.31	204.96	
1524132861	SMP	1	792.01	216.52	792.01	216.52	
1524141286	SMP	1	790.33	234.34	790.33	234.34	
1524149577	SMP	1	772.36	248.14	772.36	248.14	
1524157868	SMP	1	793.87	254.97	793.87	254.97	
1524166188	SMP	1	779.43	234.37	779.43	234.37	
1524174634	SMP	1	784.31	243.19	784.31	243.19	
1524182985	SMP	1	791.07	254.10	791.07	254.10	
1524191221	SMP	1	788.15	209.61	788.15	209.61	
1524199583	SMP	1	780.26	213.65	780.26	213.65	
1524208002	SMP	1	791.77	253.62	791.77	253.62	
1524216330	SMP	1	792.57	256.74	792.57	256.74	
1524224644	SMP	1	793.31	249.16	793.31	249.16	
1524232980	SMP	1	794.10	274.24	794.10	274.24	
1524241307	SMP	1	794.38	231.34	794.38	231.34	
1524249709	SMP	1	790.06	256.54	790.06	256.54	
1524258005	SMP	1	794.90	300.05	794.90	300.05	
1524266373	SMP	1	783.55	239.18	783.55	239.18	
1524274727	SMP	1	787.45	296.59	787.45	296.59	
1524283107	SMP	1	766.62	234.05	766.62	234.05	
1524291353	SMP	1	722.36	251.56	722.36	251.56	
1524299721	SMP	1	714.81	254.84	714.81	254.84	
1524308131	SMP	1	737.25	246.74	737.25	246.74	
1524316336	SMP	1	710.11	225.87	710.11	225.87	
1524324741	SMP	1	710.28	251.88	710.28	251.88	
1524333098	SMP	1	712.89	247.86	712.89	247.86	
1524341508	SMP	1	715.06	229.11	715.06	229.11	
1524349713	SMP	1	713.21	217.42	713.21	217.42	
1524358094	SMP	1	709.99	239.28	709.99	239.28	
1524366407	SMP	1	717.76	237.94	717.76	237.94	
1524374817	SMP	1	719.48	230.74	719.48	230.74	
1524383083	SMP	1	721.58	235.78	721.58	235.78	
1524391472	SMP	1	720.87	233.15	720.87	233.15	
1524399836	SMP	1	716.94	219.10	716.94	219.10	
1524408244	SMP	1	718.71	216.37	718.71	216.37	
1524416498	SMP	1	723.77	239.35	723.77	239.35	
1524433249	SMP	1	721.29	232.16	721.29	232.16	
1524441487	SMP	1	723.48	244.00	723.48	244.00	
1524449839	SMP	1	721.86	216.56	721.86	216.56	
1524458212	SMP	1	722.18	219.99	722.18	219.99	
1524466707	SMP	1	720.91	227.73	720.91	227.73	
1524474846	SMP	1	720.25	209.39	720.25	209.39	
1524483223	SMP	1	718.57	215.66	718.57	215.66	
1524491630	SMP	1	726.79	234.45	726.79	234.45	
1524500015	SMP	1	718.54	218.66	718.54	218.66	
1524508210	SMP	1	719.13	241.96	719.13	241.96	
1524516640	SMP	1	717.17	218.25	717.17	218.25	
1524524955	SMP	1	717.61	222.44	717.61	222.44	
1524533291	SMP	1	728.31	213.58	728.31	213.58	
1524541756	SMP	1	728.66	236.08	728.66	236.08	
1524549981	SMP	1	724.82	215.39	724.82	215.39	
1524558331	SMP	1	722.48	196.53	722.48	196.53	
1524566660	SMP	1	721.92	208.87	721.92	208.87	
1524574986	SMP	1	723.22	203.67	723.22	203.67	
1524583374	SMP	1	714.03	194.97	714.03	194.97	
1524591738	SMP	1	719.16	206.97	719.16	206.97	
1524599954	SMP	1	719.71	205.90	719.71	205.90	
1524608346	SMP	1	719.34	189.79	719.34	189.79	
1524616707	SMP	1	719.70	201.47	719.70	201.47	
1524625103	SMP	1	715.68	203.32	715.68	203.32	
1524633335	SMP	1	709.79	162.73	709.79	162.73	
1524641701	SMP	1	716.56	210.17	716.56	210.17	
1524650061	SMP	1	703.82	213.36	703.82	213.36	
1524658450	SMP	1	714.54	216.86	714.54	216.86	
1524666713	SMP	1	713.04	186.74	713.04	186.74	
1524675086	SMP	1	708.14	204.09	708.14	204.09	
1524683458	SMP	1	713.53	188.17	713.53	188.17	
1524691875	SMP	1	718.12	201.89	718.12	201.89	
1524700098	SMP	1	699.40	184.74	699.40	184.74	
1524708488	SMP	1	700.97	206.75	700.97	206.75	
1524716828	SMP	1	698.21	200.33	698.21	200.33	
1524725072	SMP	1	712.43	190.28	712.43	190.28	
1524733470	SMP	1	694.20	184.11	694.20	184.11	
1524741859	SMP	1	694.31	182.85	694.31	182.85	
1524750233	SMP	1	697.46	179.73	697.46	179.73	
1524758450	SMP	1	694.11	187.59	694.11	187.59	
1524766846	SMP	1	696.47	185.27	696.47	185.27	
1524775199	SMP	1	691.87	177.13	691.87	177.13	
1524783580	SMP	1	688.15	215.97	688.15	215.97	
1524791818	SMP	1	694.46	194.65	694.46	194.65	
1524800209	SMP	1	690.40	183.44	690.40	183.44	
1524808575	SMP	1	694.09	231.47	694.09	231.47	
1524816999	SMP	1	706.54	245.91	706.54	245.91	
1524825241	SMP	1	719.87	273.21	719.87	273.21	
1524833582	SMP	1	711.05	268.38	711.05	268.38	
1524841935	SMP	1	702.65	290.52	702.65	290.52	
1524850199	SMP	1	715.63	257.93	715.63	257.93	
1524858536	SMP	1	708.49	283.20	708.49	283.20	
1524866965	SMP	1	706.96	288.81	706.96	288.81	
1524875366	SMP	1	721.47	265.16	721.47	265.16	
1524883594	SMP	1	726.26	289.66	726.26	289.66	
1524892017	SMP	1	726.20	299.88	726.20	299.88	
1524900375	SMP	1	733.50	290.24	733.50	290.24	
1524908669	SMP	1	734.91	288.98	734.91	288.98	
1524916958	SMP	1	732.73	297.33	732.73	297.33	
1524925386	SMP	1	722.44	302.20	722.44	302.20	
1524933657	SMP	1	717.44	301.61	717.44	301.61	
1524942085	SMP	1	725.21	297.77	725.21	297.77	
1524950315	SMP	1	726.56	287.54	726.56	287.54	
1524958727	SMP	1	714.09	265.37	714.09	265.37	
1524967077	SMP	1	705.30	284.68	705.30	284.68	
1524975342	SMP	1	710.37	286.14	710.37	286.14	
1524983729	SMP	1	722.97	283.17	722.97	283.17	
1524992138	SMP	1	720.44	297.40	720.44	297.40	
1525000474	SMP	1	723.41	305.57	723.41	305.57	
1525008698	SMP	1	706.71	292.56	706.71	292.56	
1525017100	SMP	1	702.99	276.82	702.99	276.82	
1525025464	SMP	1	700.75	286.67	700.75	286.67	
1525033865	SMP	1	711.03	288.19	711.03	288.19	
1525042053	SMP	1	721.60	269.86	721.60	269.86	
1525050450	SMP	1	705.64	270.50	705.64	270.50	
1525058859	SMP	1	712.35	270.37	712.35	270.37	
1525067239	SMP	1	716.98	276.60	716.98	276.60	
1525075457	SMP	1	708.70	294.20	708.70	294.20	
1525083827	SMP	1	713.09	300.51	713.09	300.51	
1525092199	SMP	1	710.37	317.63	710.37	317.63	
1525100576	SMP	1	714.01	325.51	714.01	325.51	
1525108860	SMP	1	704.18	323.36	704.18	323.36	
1525117248	SMP	1	695.91	302.08	695.91	302.08	
1525125581	SMP	1	710.94	275.02	710.94	275.02	
1525133838	SMP	1	719.61	302.33	719.61	302.33	
1525142229	SMP	1	708.56	280.72	708.56	280.72	
1525150554	SMP	1	701.45	309.71	701.45	309.71	
1525158965	SMP	1	711.39	330.34	711.39	330.34	
1525167166	SMP	1	829.09	295.10	829.09	295.10	
1525175570	SMP	1	889.94	290.77	889.94	290.77	
1525183996	SMP	1	893.23	353.79	893.23	353.79	
1525192356	SMP	1	870.44	302.50	870.44	302.50	
1525200596	SMP	1	879.53	305.03	879.53	305.03	
1525208942	SMP	1	873.72	294.56	873.72	294.56	
1525217372	SMP	1	858.97	290.96	858.97	290.96	
1525225650	SMP	1	883.48	297.15	883.48	297.15	
1525233949	SMP	1	850.02	360.73	850.02	360.73	
1525242327	SMP	1	852.85	348.73	852.85	348.73	
1525250712	SMP	1	861.56	363.16	861.56	363.16	
1525258930	SMP	1	815.69	342.09	815.69	342.09	
1525267370	SMP	1	857.67	318.36	857.67	318.36	
1525275695	SMP	1	866.86	318.23	866.86	318.23	
1525284107	SMP	1	868.21	319.39	868.21	319.39	
1525292282	SMP	1	873.78	305.15	873.78	305.15	
1525300748	SMP	1	851.97	318.42	851.97	318.42	
1525309074	SMP	1	846.92	333.91	846.92	333.91	
1525317463	SMP	1	839.39	333.23	839.39	333.23	
1525325708	SMP	1	833.03	327.92	833.03	327.92	
1525334034	SMP	1	865.14	337.99	865.14	337.99	
1525342433	SMP	1	0.00	0.00	0.00	0.00	
1525350811	SMP	1	727.99	301.35	727.99	301.35	
1525359107	SMP	1	831.12	312.07	831.12	312.07	
1525367515	SMP	1	825.35	273.49	825.35	273.49	
1525375860	SMP	1	846.80	284.08	846.80	284.08	
1525384212	SMP	1	844.87	287.42	844.87	287.42	
1525392467	SMP	1	0.00	0.00	0.00	0.00	
1525400843	SMP	1	0.00	0.00	0.00	0.00	
1525409194	SMP	1	0.00	0.00	0.00	0.00	
1525417405	SMP	1	780.47	281.18	780.47	281.18	
1525425840	SMP	1	796.72	279.48	796.72	279.48	
1525434201	SMP	1	817.49	272.03	817.49	272.03	
1525442591	SMP	1	811.52	274.48	811.52	274.48	
1525450801	SMP	1	820.25	274.60	820.25	274.60	
1525459222	SMP	1	0.00	0.00	0.00	0.00	
1525467630	SMP	1	0.00	0.00	0.00	0.00	
1525475947	SMP	1	0.00	0.00	0.00	0.00	
1525484213	SMP	1	0.00	0.00	0.00	0.00	
1525492569	SMP	1	819.53	285.16	819.53	285.16	
1525500930	SMP	1	827.89	362.27	827.89	362.27	
1525509344	SMP	1	844.26	319.75	844.26	319.75	
1525517604	SMP	1	824.19	340.62	824.19	340.62	
1525525935	SMP	1	827.82	308.72	827.82	308.72	
1525534342	SMP	1	763.44	308.87	763.44	308.87	
1525542593	SMP	1	769.77	308.37	769.77	308.37	
1525550909	SMP	1	767.80	301.31	767.80	301.31	
1525559310	SMP	1	814.77	330.64	814.77	330.64	
1525567684	SMP	1	826.17	321.89	826.17	321.89	
1525575943	SMP	1	833.58	332.43	833.58	332.43	
1525584365	SMP	1	822.53	339.39	822.53	339.39	
1525592707	SMP	1	768.71	334.43	768.71	334.43	
1525601068	SMP	1	767.22	333.44	767.22	333.44	
1525609323	SMP	1	767.44	336.32	767.44	336.32	
1525617710	SMP	1	797.32	359.56	797.32	359.56	
1525626055	SMP	1	782.58	389.04	782.58	389.04	
1525634446	SMP	1	780.78	403.81	780.78	403.81	
1525642692	SMP	1	801.83	407.69	801.83	407.69	
1525651061	SMP	1	780.31	405.52	780.31	405.52	
1525659429	SMP	1	788.81	372.74	788.81	372.74	
1525667706	SMP	1	783.39	371.39	783.39	371.39	
1525676058	SMP	1	771.22	349.85	771.22	349.85	
1525684445	SMP	1	773.57	395.38	773.57	395.38	
1525692806	SMP	1	792.26	406.72	792.26	406.72	
1525701113	SMP	1	769.72	376.41	769.72	376.41	
1525709505	SMP	1	780.60	380.15	780.60	380.15	
1525717762	SMP	1	777.28	380.35	777.28	380.35	
1525726182	SMP	1	779.77	379.13	779.77	379.13	
1525734413	SMP	1	774.93	378.18	774.93	378.18	
1525742818	SMP	1	773.29	398.40	773.29	398.40	
1525751226	SMP	1	774.13	393.33	774.13	393.33	
1525759567	SMP	1	787.17	403.07	787.17	403.07	
1525767795	SMP	1	774.17	409.47	774.17	409.47	
1525776222	SMP	1	783.28	412.38	783.28	412.38	
1525784601	SMP	1	797.43	417.88	797.43	417.88	
1525792913	SMP	1	798.53	417.30	798.53	417.30	
1525801193	SMP	1	805.84	417.53	805.84	417.53	
1525809560	SMP	1	803.87	422.93	803.87	422.93	
1525817961	SMP	1	792.24	425.97	792.24	425.97	
1525826216	SMP	1	810.13	441.71	810.13	441.71	
1525834599	SMP	1	804.54	445.04	804.54	445.04	
1525842920	SMP	1	798.13	447.60	798.13	447.60	
1525851348	SMP	1	781.01	445.60	781.01	445.60	
1525859591	SMP	1	780.28	448.14	780.28	448.14	
1525867969	SMP	1	803.49	463.02	803.49	463.02	
1525876317	SMP	1	793.05	448.43	793.05	448.43	
1525884683	SMP	1	792.75	449.63	792.75	449.63	
1525892958	SMP	1	798.11	459.75	798.11	459.75	
1525901333	SMP	1	794.72	455.51	794.72	455.51	
1525909666	SMP	1	793.40	455.59	793.40	455.59	
1525918061	SMP	1	800.65	449.24	800.65	449.24	
1525926305	SMP	1	807.49	442.94	807.49	442.94	
1525934722	SMP	1	805.74	445.07	805.74	445.07	
1525943084	SMP	1	802.70	449.50	802.70	449.50	
1525951285	SMP	1	801.86	452.06	801.86	452.06	
1525959677	SMP	1	801.39	446.88	801.39	446.88	
1525968060	SMP	1	798.86	451.14	798.86	451.14	
1525976514	SMP	1	808.21	452.72	808.21	452.72	
1525984729	SMP	1	804.52	461.18	804.52	461.18	
1525993098	SMP	1	799.79	462.05	799.79	462.05	
1526001463	SMP	1	801.62	461.77	801.62	461.77	
1526009772	SMP	1	801.97	462.11	801.97	462.11	
1526018102	SMP	1	796.64	465.22	796.64	465.22	
1526026529	SMP	1	758.40	465.92	758.40	465.92	
1526034811	SMP	1	730.98	191.71	730.98	191.71	
1526043187	SMP	1	720.24	191.40	720.24	191.40	
1526051432	SMP	1	736.45	197.25	736.45	197.25	
1526059799	SMP	1	730.86	206.15	730.86	206.15	
1526068228	SMP	1	737.66	219.66	737.66	219.66	
1526076634	SMP	1	735.51	237.43	735.51	237.43	
1526084813	SMP	1	769.10	278.45	769.10	278.45	
1526093191	SMP	1	785.96	302.07	785.96	302.07	
1526101596	SMP	1	785.58	310.67	785.58	310.67	
1526109818	SMP	1	789.46	319.87	789.46	319.87	
1526118202	SMP	1	796.59	481.04	796.59	481.04	
1526126600	SMP	1	789.43	479.39	789.43	479.39	
1526134883	SMP	1	781.82	491.03	781.82	491.03	
1526143190	SMP	1	793.95	348.30	793.95	348.30	
1526151598	SMP	1	777.64	394.26	777.64	394.26	
1526159933	SMP	1	788.47	401.36	788.47	401.36	
1526168427	SMP	1	792.78	424.17	792.78	424.17	
1526176609	SMP	1	791.16	433.82	791.16	433.82	
1526184942	SMP	1	788.06	434.50	788.06	434.50	
1526193332	SMP	1	788.36	442.78	788.36	442.78	
1526201695	SMP	1	787.89	459.92	787.89	459.92	
1526209928	SMP	1	786.21	456.32	786.21	456.32	
1526218344	SMP	1	779.56	449.17	779.56	449.17	
1526226659	SMP	1	779.78	446.07	779.78	446.07	
1526234970	SMP	1	776.93	448.22	776.93	448.22	
1526243312	SMP	1	776.34	439.20	776.34	439.20	
1526251678	SMP	1	775.93	440.86	775.93	440.86	
1526260084	SMP	1	773.74	440.50	773.74	440.50	
1526268499	SMP	1	774.62	441.68	774.62	441.68	
1526276645	SMP	1	769.50	439.60	769.50	439.60	
1526285067	SMP	1	769.27	446.84	769.27	446.84	
1526293437	SMP	1	767.31	434.63	767.31	434.63	
1526301698	SMP	1	766.25	439.90	766.25	439.90	
1526310081	SMP	1	764.82	431.62	764.82	431.62	
1526318422	SMP	1	762.26	427.94	762.26	427.94	
1526326807	SMP	1	764.98	425.35	764.98	425.35	
1526335084	SMP	1	765.46	422.70	765.46	422.70	
1526343460	SMP	1	767.93	424.46	767.93	424.46	
1526351809	SMP	1	767.71	427.63	767.71	427.63	
1526360062	SMP	1	765.46	433.33	765.46	433.33	
1526368433	SMP	1	765.76	421.67	765.76	421.67	
1526376797	SMP	1	767.48	419.09	767.48	419.09	
1526385226	SMP	1	769.27	415.91	769.27	415.91	
1526393457	SMP	1	772.44	424.52	772.44	424.52	
1526401859	SMP	1	768.65	419.35	768.65	419.35	
1526410167	SMP	1	769.68	451.48	769.68	451.48	
1526418560	SMP	1	771.85	520.63	771.85	520.63	
1526426803	SMP	1	792.61	572.79	792.61	572.79	
1526435135	SMP	1	788.65	595.36	788.65	595.36	
1526443573	SMP	1	801.89	610.55	801.89	610.55	
1526451941	SMP	1	809.63	608.83	809.63	608.83	
1526460169	SMP	1	807.93	598.43	807.93	598.43	
1526468599	SMP	1	804.99	601.06	804.99	601.06	
1526476903	SMP	1	819.70	601.42	819.70	601.42	
1526485204	SMP	1	808.97	591.08	808.97	591.08	
1526493560	SMP	1	810.84	589.14	810.84	589.14	
1526502009	SMP	1	817.92	595.89	817.92	595.89	
1526510300	SMP	1	817.93	595.83	817.93	595.83	
1526518568	SMP	1	817.56	597.47	817.56	597.47	
1526526919	SMP	1	818.71	596.24	818.71	596.24	
1526535308	SMP	1	814.95	598.31	814.95	598.31	
1526543700	SMP	1	813.29	595.84	813.29	595.84	
1526551944	SMP	1	811.56	598.75	811.56	598.75	
1526560295	SMP	1	819.91	599.07	819.91	599.07	
1526568710	SMP	1	813.11	602.31	813.11	602.31	
1526577096	SMP	1	810.48	602.86	810.48	602.86	
1526585332	SMP	1	807.73	601.71	807.73	601.71	
1526593707	SMP	1	803.41	599.91	803.41	599.91	
1526602047	SMP	1	793.47	594.03	793.47	594.03	
1526610418	SMP	1	788.57	591.48	788.57	591.48	
1526618671	SMP	1	783.53	586.47	783.53	586.47	
1526627071	SMP	1	776.90	585.64	776.90	585.64	
1526635427	SMP	1	778.59	581.44	778.59	581.44	
1526643689	SMP	1	772.30	583.87	772.30	583.87	
1526652049	SMP	1	771.31	577.83	771.31	577.83	
1526660450	SMP	1	769.30	577.84	769.30	577.84	
1526668823	SMP	1	766.83	577.22	766.83	577.22	
1526677038	SMP	1	765.97	576.73	765.97	576.73	
1526685440	SMP	1	765.72	576.52	765.72	576.52	
1526693814	SMP	1	767.18	578.07	767.18	578.07	
1526702184	SMP	1	769.01	578.11	769.01	578.11	
1526710451	SMP	1	768.80	578.56	768.80	578.56	
1526718803	SMP	1	769.51	578.51	769.51	578.51	
1526727160	SMP	1	770.82	580.45	770.82	580.45	
1526735594	SMP	1	772.68	580.01	772.68	580.01	
1526743809	SMP	1	773.08	579.57	773.08	579.57	
1526752171	SMP	1	774.71	578.91	774.71	578.91	
1526760535	SMP	1	777.26	578.01	777.26	578.01	
1526768827	SMP	1	774.93	577.43	774.93	577.43	
1526777172	SMP	1	774.67	578.04	774.67	578.04	
1526785591	SMP	1	775.19	575.96	775.19	575.96	
1526793904	SMP	1	774.47	576.15	774.47	576.15	
1526802171	SMP	1	774.87	573.32	774.87	573.32	
1526810527	SMP	1	776.71	572.45	776.71	572.45	
1526818962	SMP	1	775.09	568.10	775.09	568.10	
1526827293	SMP	1	772.04	564.95	772.04	564.95	
1526835553	SMP	1	772.84	561.30	772.84	561.30	
1526843937	SMP	1	771.03	565.86	771.03	565.86	
1526852295	SMP	1	744.03	572.78	744.03	572.78	
1526860663	SMP	1	746.92	574.84	746.92	574.84	
1526868964	SMP	1	740.87	575.02	740.87	575.02	
1526877397	SMP	1	720.03	582.52	720.03	582.52	
1526885675	SMP	1	708.83	590.17	708.83	590.17	
1526893931	SMP	1	699.29	593.07	699.29	593.07	
1526902343	SMP	1	697.06	594.12	697.06	594.12	
1526910676	SMP	1	693.86	597.04	693.86	597.04	
1526919046	SMP	1	695.67	597.08	695.67	597.08	
1526927285	SMP	1	692.07	601.40	692.07	601.40	
1526935664	SMP	1	687.93	603.03	687.93	603.03	
1526944081	SMP	1	686.58	602.01	686.58	602.01	
1526952458	SMP	1	683.31	604.69	683.31	604.69	
1526960666	SMP	1	684.63	604.57	684.63	604.57	
1526969071	SMP	1	686.87	603.93	686.87	603.93	
1526977571	SMP	1	684.88	603.18	684.88	603.18	
1526985863	SMP	1	685.86	605.29	685.86	605.29	
1526994049	SMP	1	681.96	605.37	681.96	605.37	
1527002416	SMP	1	680.18	604.81	680.18	604.81	
1527010745	SMP	1	679.71	607.42	679.71	607.42	
1527019199	SMP	1	677.40	607.74	677.40	607.74	
1527027398	SMP	1	673.92	605.89	673.92	605.89	
1527035829	SMP	1	679.51	608.87	679.51	608.87	
1527044178	SMP	1	692.73	608.55	692.73	608.55	
1527052426	SMP	1	697.76	608.76	697.76	608.76	
1527060822	SMP	1	694.48	610.53	694.48	610.53	
1527069213	SMP	1	679.77	613.23	679.77	613.23	
1527077557	SMP	1	671.87	612.68	671.87	612.68	
1527085800	SMP	1	737.61	616.98	737.61	616.98	
1527094179	SMP	1	832.17	620.87	832.17	620.87	
1527102561	SMP	1	837.12	621.66	837.12	621.66	
1527110949	SMP	1	829.14	623.85	829.14	623.85	
1527119149	SMP	1	834.77	625.92	834.77	625.92	
1527127545	SMP	1	831.07	625.69	831.07	625.69	
1527135960	SMP	1	834.00	629.91	834.00	629.91	
1527144326	SMP	1	832.88	643.33	832.88	643.33	
1527152563	SMP	1	833.31	640.15	833.31	640.15	
1527160905	SMP	1	834.71	651.86	834.71	651.86	
1527169294	SMP	1	833.03	650.46	833.03	650.46	
1527177583	SMP	1	834.83	646.20	834.83	646.20	
1527185961	SMP	1	834.74	648.21	834.74	648.21	
1527194311	SMP	1	834.81	648.59	834.81	648.59	
1527202681	SMP	1	835.70	652.05	835.70	652.05	
1527210902	SMP	1	836.02	653.06	836.02	653.06	
1527219333	SMP	1	836.14	656.13	836.14	656.13	
1527227618	SMP	1	834.88	658.79	834.88	658.79	
1527236071	SMP	1	836.80	655.92	836.80	655.92	
1527244243	SMP	1	835.94	653.12	835.94	653.12	
1527252660	SMP	1	835.94	650.97	835.94	650.97	
1527261024	SMP	1	837.55	650.58	837.55	650.58	
1527269459	SMP	1	836.77	651.12	836.77	651.12	
1527277644	SMP	1	837.57	650.46	837.57	650.46	
1527286040	SMP	1	837.23	651.17	837.23	651.17	
1527294449	SMP	1	837.69	651.99	837.69	651.99	
1527302694	SMP	1	838.52	650.97	838.52	650.97	
1527310995	SMP	1	837.88	650.12	837.88	650.12	
1527319409	SMP	1	835.69	646.47	835.69	646.47	
1527327767	SMP	1	836.53	646.51	836.53	646.51	
1527336031	SMP	1	836.42	648.19	836.42	648.19	
1527344447	SMP	1	838.69	648.17	838.69	648.17	
1527352788	SMP	1	842.05	649.19	842.05	649.19	
1527361187	SMP	1	845.50	650.52	845.50	650.52	
1527369413	SMP	1	849.17	653.74	849.17	653.74	
1527377768	SMP	1	897.79	663.09	897.79	663.09	
1527386164	SMP	1	930.81	657.42	930.81	657.42	
1527394528	SMP	1	936.12	665.16	936.12	665.16	
1527402795	SMP	1	938.96	662.96	938.96	662.96	
1527411114	SMP	1	943.09	664.26	943.09	664.26	
1527419542	SMP	1	940.40	665.65	940.40	665.65	
1527427939	SMP	1	936.32	667.74	936.32	667.74	
1527436158	SMP	1	938.52	670.89	938.52	670.89	
1527444551	SMP	1	928.94	672.87	928.94	672.87	
1527452908	SMP	1	932.08	672.99	932.08	672.99	
1527461186	SMP	1	923.31	672.84	923.31	672.84	
1527469528	SMP	1	931.47	669.80	931.47	669.80	
1527477907	SMP	1	931.70	670.13	931.70	670.13	
1527486292	SMP	1	938.34	670.15	938.34	670.15	
1527494529	SMP	1	934.52	671.63	934.52	671.63	
1527502927	SMP	1	933.38	672.70	933.38	672.70	
1527511297	SMP	1	932.92	674.68	932.92	674.68	
1527519678	SMP	1	929.64	677.61	929.64	677.61	
1527527912	SMP	1	931.96	678.20	931.96	678.20	
1527536326	SMP	1	932.47	677.14	932.47	677.14	
1527544676	SMP	1	933.77	676.17	933.77	676.17	
1527553030	SMP	1	939.22	675.44	939.22	675.44	
1527561280	SMP	1	936.77	677.30	936.77	677.30	
1527569697	SMP	1	818.33	672.48	818.33	672.48	
1527578039	SMP	1	681.10	668.25	681.10	668.25	
1527586326	SMP	1	696.85	659.77	696.85	659.77	
1527594678	SMP	1	711.25	666.43	711.25	666.43	
1527603038	SMP	1	719.51	660.47	719.51	660.47	
1527611420	SMP	1	718.65	656.50	718.65	656.50	
1527619700	SMP	1	724.41	647.81	724.41	647.81	
1527628029	SMP	1	717.55	643.38	717.55	643.38	
1527636479	SMP	1	717.29	643.35	717.29	643.35	
1527644814	SMP	1	729.64	640.51	729.64	640.51	
1527653032	SMP	1	722.18	640.98	722.18	640.98	
1527661409	SMP	1	722.05	642.54	722.05	642.54	
1527669834	SMP	1	728.15	641.72	728.15	641.72	
1527678158	SMP	1	725.14	642.76	725.14	642.76	
1527686517	SMP	1	724.97	640.53	724.97	640.53	
1527694774	SMP	1	728.99	639.19	728.99	639.19	
1527703201	SMP	1	725.52	641.56	725.52	641.56	
1527711537	SMP	1	727.20	643.00	727.20	643.00	
1527719801	SMP	1	729.09	643.23	729.09	643.23	
1527728153	SMP	1	735.63	639.64	735.63	639.64	
1527736591	SMP	1	727.44	864.05	727.44	864.05	
1527744820	SMP	1	719.16	629.70	719.16	629.70	
1527753159	SMP	1	502.84	482.94	502.84	482.94	
1527761519	SMP	1	0.00	0.00	0.00	0.00	
1527769902	SMP	1	0.00	0.00	0.00	0.00	
1527778204	SMP	1	0.00	0.00	0.00	0.00	
1527786550	SMP	1	0.00	0.00	0.00	0.00	
1527794881	SMP	1	0.00	0.00	0.00	0.00	
1527803227	SMP	1	0.00	0.00	0.00	0.00	
1527811535	SMP	1	0.00	0.00	0.00	0.00	
1527819900	SMP	1	0.00	0.00	0.00	0.00	
1527828323	SMP	1	0.00	0.00	0.00	0.00	
1527836629	SMP	1	0.00	0.00	0.00	0.00	
1527844928	SMP	1	0.00	0.00	0.00	0.00	
1527854038	SMP	1	0.00	0.00	0.00	0.00	
1527861689	SMP	1	0.00	0.00	0.00	0.00	
1527869900	SMP	1	0.00	0.00	0.00	0.00	
1527878272	SMP	1	0.00	0.00	0.00	0.00	
1527886661	SMP	1	0.00	0.00	0.00	0.00	
1527895022	SMP	1	0.00	0.00	0.00	0.00	
1527903338	SMP	1	0.00	0.00	0.00	0.00	
1527911662	SMP	1	0.00	0.00	0.00	0.00	
1527920060	SMP	1	0.00	0.00	0.00	0.00	
1527928392	SMP	1	0.00	0.00	0.00	0.00	
1527936655	SMP	1	498.54	585.16	498.54	585.16	
1527945050	SMP	1	1065.13	602.32	1065.13	602.32	
1527953419	SMP	1	1054.93	550.27	1054.93	550.27	
1527961771	SMP	1	736.90	602.79	736.90	602.79	
1527970057	SMP	1	737.00	600.02	737.00	600.02	
1527978398	SMP	1	731.62	598.07	731.62	598.07	
1527986824	SMP	1	729.18	598.24	729.18	598.24	
1527995033	SMP	1	721.09	598.83	721.09	598.83	
1528003400	SMP	1	715.35	598.99	715.35	598.99	
1528011787	SMP	1	868.63	823.70	868.63	823.70	
1528020198	SMP	1	716.85	598.47	716.85	598.47	
1528028433	SMP	1	680.23	780.38	680.23	780.38	
1528036771	SMP	1	706.58	787.04	706.58	787.04	
1528045156	SMP	1	798.67	761.75	798.67	761.75	
1528053523	SMP	1	725.60	761.58	725.60	761.58	
1528061779	SMP	1	724.45	599.87	724.45	599.87	
1528070196	SMP	1	744.94	496.63	744.94	496.63	
1528078537	SMP	1	759.29	605.61	759.29	605.61	
1528086869	SMP	1	695.63	666.00	695.63	666.00	
1528095150	SMP	1	711.12	616.76	711.12	616.76	
1528103490	SMP	1	727.75	615.28	727.75	615.28	
1528111925	SMP	1	705.79	623.79	705.79	623.79	
1528120275	SMP	1	708.91	620.23	708.91	620.23	
1528128523	SMP	1	703.08	622.43	703.08	622.43	
1528136893	SMP	1	720.02	623.95	720.02	623.95	
1528145314	SMP	1	709.24	628.71	709.24	628.71	
1528153562	SMP	1	703.18	634.90	703.18	634.90	
1528161897	SMP	1	701.56	631.67	701.56	631.67	
1528170284	SMP	1	708.68	640.38	708.68	640.38	
1528178668	SMP	1	707.15	637.96	707.15	637.96	
1528186905	SMP	1	702.87	639.00	702.87	639.00	
1528195268	SMP	1	702.97	640.13	702.97	640.13	
1528203656	SMP	1	705.34	637.10	705.34	637.10	
1528212026	SMP	1	704.89	639.18	704.89	639.18	
1528220301	SMP	1	706.89	640.55	706.89	640.55	
1528228671	SMP	1	705.14	641.04	705.14	641.04	
1528237061	SMP	1	703.17	640.29	703.17	640.29	
1528245397	SMP	1	703.45	641.42	703.45	641.42	
1528253651	SMP	1	702.87	640.24	702.87	640.24	
1528262042	SMP	1	701.72	638.89	701.72	638.89	
1528270434	SMP	1	700.19	639.13	700.19	639.13	
1528278655	SMP	1	699.90	640.23	699.90	640.23	
1528287077	SMP	1	697.88	647.70	697.88	647.70	
1528295353	SMP	1	708.70	653.31	708.70	653.31	
1528303811	SMP	1	728.45	648.68	728.45	648.68	
1528312020	SMP	1	741.32	651.32	741.32	651.32	
1528320430	SMP	1	742.51	654.23	742.51	654.23	
1528328776	SMP	1	741.63	653.45	741.63	653.45	
1528337188	SMP	1	753.52	649.18	753.52	649.18	
1528345419	SMP	1	756.76	651.87	756.76	651.87	
1528353758	SMP	1	764.18	655.98	764.18	655.98	
1528362142	SMP	1	759.92	655.80	759.92	655.80	
1528370516	SMP	1	758.95	656.63	758.95	656.63	
1528378764	SMP	1	758.43	655.77	758.43	655.77	
1528387187	SMP	1	759.52	653.79	759.52	653.79	
1528395523	SMP	1	760.55	653.41	760.55	653.41	
1528403795	SMP	1	761.30	653.08	761.30	653.08	
1528412187	SMP	1	762.54	652.03	762.54	652.03	
1528420561	SMP	1	765.94	651.51	765.94	651.51	
1528428891	SMP	1	763.07	650.62	763.07	650.62	
1528437146	SMP	1	761.17	650.14	761.17	650.14	
1528445466	SMP	1	759.36	651.14	759.36	651.14	
1528453888	SMP	1	757.66	651.24	757.66	651.24	
1528462292	SMP	1	758.12	653.51	758.12	653.51	
1528470562	SMP	1	759.78	650.65	759.78	650.65	
1528478874	SMP	1	760.36	649.51	760.36	649.51	
1528487240	SMP	1	761.53	648.18	761.53	648.18	
1528495686	SMP	1	762.32	647.21	762.32	647.21	
1528503858	SMP	1	757.47	645.88	757.47	645.88	
1528512258	SMP	1	784.52	651.73	784.52	651.73	
1528520676	SMP	1	798.48	653.01	798.48	653.01	
1528529027	SMP	1	797.01	656.36	797.01	656.36	
1528537256	SMP	1	819.84	652.77	819.84	652.77	
1528545666	SMP	1	824.43	644.47	824.43	644.47	
1528554016	SMP	1	824.33	648.55	824.33	648.55	
1528562258	SMP	1	835.36	655.91	835.36	655.91	
1528570667	SMP	1	837.88	658.27	837.88	658.27	
1528579059	SMP	1	840.65	657.47	840.65	657.47	
1528587534	SMP	1	847.30	656.26	847.30	656.26	
1528595647	SMP	1	852.41	658.51	852.41	658.51	
1528603994	SMP	1	864.52	655.09	864.52	655.09	
1528612388	SMP	1	842.27	656.49	842.27	656.49	
1528620732	SMP	1	844.55	660.54	844.55	660.54	
1528629044	SMP	1	845.96	669.00	845.96	669.00	
1528637406	SMP	1	847.29	665.16	847.29	665.16	
1528645816	SMP	1	868.59	660.59	868.59	660.59	
1528654167	SMP	1	837.67	653.98	837.67	653.98	
1528662407	SMP	1	841.68	653.79	841.68	653.79	
1528670836	SMP	1	849.29	660.23	849.29	660.23	
1528679131	SMP	1	845.63	658.69	845.63	658.69	
1528687465	SMP	1	835.77	665.83	835.77	665.83	
1528695778	SMP	1	841.06	668.83	841.06	668.83	
1528704182	SMP	1	845.17	661.80	845.17	661.80	
1528712514	SMP	1	846.03	656.12	846.03	656.12	
1528720800	SMP	1	843.40	659.72	843.40	659.72	
1528729131	SMP	1	850.46	658.18	850.46	658.18	
1528737650	SMP	1	833.73	659.86	833.73	659.86	
1528745895	SMP	1	847.16	652.91	847.16	652.91	
1528754134	SMP	1	844.95	653.71	844.95	653.71	
1528762504	SMP	1	845.22	650.00	845.22	650.00	
1528770923	SMP	1	840.94	662.45	840.94	662.45	
1528779226	SMP	1	838.76	656.29	838.76	656.29	
1528787547	SMP	1	843.25	654.22	843.25	654.22	
1528795958	SMP	1	839.76	663.75	839.76	663.75	
1528804303	SMP	1	828.60	660.39	828.60	660.39	
