## [BeGaze]
## Converted from:	C:\Program Files\SMI\Experiment Suite 360\Experiment Center 2\Results\cogaid_rapidRead_1_8\P06-eye_data.idf
## Date:	28.03.2013 15:01:04
## Version:	BeGaze 3.2.28
## IDF Version:	9
## Sample Rate:	120
## Separator Type:	Msg
## Trial Count:	1
## Uses Plane File:	False
## Number of Samples:	1190
## Reversed:	none
## [Run]
## Subject:	P06
## Description:	Run1
## [Calibration]
## Calibration Type:	5-point
## Calibration Area:	1680	1050
## Calibration Point 0:	Position(840;525)
## Calibration Point 1:	Position(420;105)
## Calibration Point 2:	Position(1512;262)
## Calibration Point 3:	Position(1260;945)
## Calibration Point 4:	Position(167;787)
## [Geometry]
## Stimulus Dimension [mm]:	474	297
## Head Distance [mm]:	700
## [Hardware Setup]
## System ID:	IVR-X-1140-06110-SMU
## Operating System :	5.1
## IView X Version:	2.7.13
## [Filter Settings]
## Heuristics:	False
## Heuristics Stage:	0
## Bilateral:	True
## Gaze Cursor Filter:	True
## Saccade Length [px]:	80
## Filter Depth [ms]:	20
## Format:	LEFT, RIGHT, POR
##
Time	Type	Trial	L POR X [px]	L POR Y [px]	R POR X [px]	R POR Y [px]
1484518647	SMP	1	700.88	440.46	700.88	440.46	
1484526445	SMP	1	693.82	438.35	693.82	438.35	
1484534821	SMP	1	699.83	449.93	699.83	449.93	
1484543173	SMP	1	707.89	458.86	707.89	458.86	
1484551556	SMP	1	710.14	457.99	710.14	457.99	
1484559922	SMP	1	702.48	462.43	702.48	462.43	
1484568194	SMP	1	701.91	476.91	701.91	476.91	
1484576540	SMP	1	705.57	482.37	705.57	482.37	
1484584930	SMP	1	697.44	459.52	697.44	459.52	
1484593294	SMP	1	697.00	430.42	697.00	430.42	
1484601560	SMP	1	682.12	410.34	682.12	410.34	
1484609915	SMP	1	686.42	426.98	686.42	426.98	
1484618410	SMP	1	686.49	460.36	686.49	460.36	
1484626665	SMP	1	689.36	465.69	689.36	465.69	
1484634947	SMP	1	687.88	466.49	687.88	466.49	
1484643290	SMP	1	681.84	478.33	681.84	478.33	
1484651681	SMP	1	697.62	454.12	697.62	454.12	
1484659950	SMP	1	693.18	432.75	693.18	432.75	
1484668367	SMP	1	683.70	449.12	683.70	449.12	
1484676674	SMP	1	681.56	454.90	681.56	454.90	
1484685072	SMP	1	687.14	466.73	687.14	466.73	
1484693293	SMP	1	684.66	462.24	684.66	462.24	
1484701684	SMP	1	626.18	423.43	626.18	423.43	
1484710040	SMP	1	521.50	450.52	521.50	450.52	
1484718434	SMP	1	486.65	468.36	486.65	468.36	
1484726667	SMP	1	500.68	419.34	500.68	419.34	
1484735056	SMP	1	506.38	424.13	506.38	424.13	
1484743414	SMP	1	488.10	445.18	488.10	445.18	
1484751814	SMP	1	501.53	427.61	501.53	427.61	
1484760077	SMP	1	489.48	430.47	489.48	430.47	
1484768449	SMP	1	497.33	427.95	497.33	427.95	
1484776800	SMP	1	500.27	394.69	500.27	394.69	
1484785181	SMP	1	499.47	430.51	499.47	430.51	
1484793436	SMP	1	487.40	431.43	487.40	431.43	
1484801869	SMP	1	495.78	417.43	495.78	417.43	
1484810205	SMP	1	492.76	424.62	492.76	424.62	
1484818488	SMP	1	487.39	412.90	487.39	412.90	
1484826842	SMP	1	489.04	432.41	489.04	432.41	
1484835229	SMP	1	499.90	423.45	499.90	423.45	
1484843614	SMP	1	497.17	420.38	497.17	420.38	
1484851868	SMP	1	501.47	412.93	501.47	412.93	
1484860312	SMP	1	492.43	409.37	492.43	409.37	
1484869350	SMP	1	502.11	423.88	502.11	423.88	
1484876916	SMP	1	498.93	414.09	498.93	414.09	
1484885184	SMP	1	501.14	401.34	501.14	401.34	
1484893607	SMP	1	507.97	419.17	507.97	419.17	
1484901939	SMP	1	501.39	432.44	501.39	432.44	
1484910522	SMP	1	501.41	384.04	501.41	384.04	
1484918553	SMP	1	505.16	415.37	505.16	415.37	
1484926927	SMP	1	504.73	402.09	504.73	402.09	
1484935321	SMP	1	505.12	419.56	505.12	419.56	
1484943553	SMP	1	505.21	420.48	505.21	420.48	
1484951935	SMP	1	507.07	405.39	507.07	405.39	
1484960311	SMP	1	508.61	402.39	508.61	402.39	
1484968701	SMP	1	508.23	405.29	508.23	405.29	
1484976904	SMP	1	508.02	383.80	508.02	383.80	
1484985284	SMP	1	503.32	322.87	503.32	322.87	
1484993704	SMP	1	498.94	356.29	498.94	356.29	
1485002004	SMP	1	492.67	395.64	492.67	395.64	
1485010270	SMP	1	508.30	298.79	508.30	298.79	
1485018676	SMP	1	491.57	332.57	491.57	332.57	
1485026986	SMP	1	491.71	327.57	491.71	327.57	
1485035445	SMP	1	488.38	321.79	488.38	321.79	
1485043652	SMP	1	489.94	325.72	489.94	325.72	
1485052042	SMP	1	486.14	340.49	486.14	340.49	
1485060399	SMP	1	482.44	362.00	482.44	362.00	
1485068653	SMP	1	480.11	342.00	480.11	342.00	
1485077057	SMP	1	481.96	345.63	481.96	345.63	
1485085402	SMP	1	482.79	321.53	482.79	321.53	
1485093792	SMP	1	485.08	329.00	485.08	329.00	
1485102088	SMP	1	473.54	318.55	473.54	318.55	
1485110427	SMP	1	486.35	326.42	486.35	326.42	
1485118766	SMP	1	490.71	335.19	490.71	335.19	
1485127238	SMP	1	489.52	329.22	489.52	329.22	
1485135455	SMP	1	479.47	341.91	479.47	341.91	
1485143774	SMP	1	478.66	349.19	478.66	349.19	
1485152164	SMP	1	487.59	352.58	487.59	352.58	
1485160552	SMP	1	484.58	342.68	484.58	342.68	
1485168766	SMP	1	493.27	358.58	493.27	358.58	
1485177242	SMP	1	493.69	332.72	493.69	332.72	
1485185551	SMP	1	488.18	321.51	488.18	321.51	
1485193897	SMP	1	494.47	312.22	494.47	312.22	
1485202194	SMP	1	492.99	340.66	492.99	340.66	
1485210553	SMP	1	484.41	346.71	484.41	346.71	
1485218916	SMP	1	492.79	355.09	492.79	355.09	
1485227232	SMP	1	495.25	345.35	495.25	345.35	
1485235567	SMP	1	497.89	344.00	497.89	344.00	
1485243889	SMP	1	492.66	356.41	492.66	356.41	
1485252268	SMP	1	485.69	325.33	485.69	325.33	
1485260544	SMP	1	489.89	333.57	489.89	333.57	
1485268921	SMP	1	485.04	334.67	485.04	334.67	
1485277426	SMP	1	480.64	349.06	480.64	349.06	
1485285699	SMP	1	478.02	345.68	478.02	345.68	
1485293876	SMP	1	471.39	348.91	471.39	348.91	
1485302274	SMP	1	474.18	347.92	474.18	347.92	
1485310658	SMP	1	469.92	349.27	469.92	349.27	
1485319026	SMP	1	470.09	343.65	470.09	343.65	
1485327301	SMP	1	469.32	337.15	469.32	337.15	
1485335666	SMP	1	468.84	339.27	468.84	339.27	
1485344032	SMP	1	470.85	343.66	470.85	343.66	
1485352254	SMP	1	468.93	341.14	468.93	341.14	
1485360689	SMP	1	469.30	341.06	469.30	341.06	
1485369035	SMP	1	472.58	336.53	472.58	336.53	
1485377377	SMP	1	472.43	338.06	472.43	338.06	
1485385650	SMP	1	473.12	337.79	473.12	337.79	
1485394055	SMP	1	474.24	352.05	474.24	352.05	
1485402398	SMP	1	478.14	346.27	478.14	346.27	
1485410775	SMP	1	474.72	346.37	474.72	346.37	
1485418994	SMP	1	473.59	349.57	473.59	349.57	
1485427343	SMP	1	475.78	335.08	475.78	335.08	
1485435766	SMP	1	475.09	250.43	475.09	250.43	
1485444174	SMP	1	475.28	297.74	475.28	297.74	
1485452398	SMP	1	474.85	305.82	474.85	305.82	
1485460787	SMP	1	472.13	325.66	472.13	325.66	
1485469230	SMP	1	474.60	294.29	474.60	294.29	
1485477553	SMP	1	474.18	248.09	474.18	248.09	
1485485809	SMP	1	476.17	288.64	476.17	288.64	
1485494151	SMP	1	470.77	289.85	470.77	289.85	
1485502525	SMP	1	480.06	293.89	480.06	293.89	
1485510771	SMP	1	474.56	321.82	474.56	321.82	
1485519175	SMP	1	483.28	322.22	483.28	322.22	
1485527532	SMP	1	475.94	306.06	475.94	306.06	
1485535876	SMP	1	471.37	307.45	471.37	307.45	
1485544115	SMP	1	478.09	296.21	478.09	296.21	
1485552565	SMP	1	481.48	320.03	481.48	320.03	
1485560901	SMP	1	478.84	330.97	478.84	330.97	
1485569273	SMP	1	483.52	298.03	483.52	298.03	
1485577509	SMP	1	481.17	271.59	481.17	271.59	
1485585932	SMP	1	484.56	292.13	484.56	292.13	
1485594276	SMP	1	485.93	319.73	485.93	319.73	
1485602688	SMP	1	489.80	688.63	489.80	688.63	
1485610926	SMP	1	0.00	0.00	0.00	0.00	
1485619266	SMP	1	0.00	0.00	0.00	0.00	
1485627638	SMP	1	0.00	0.00	0.00	0.00	
1485635934	SMP	1	0.00	0.00	0.00	0.00	
1485652648	SMP	1	0.00	0.00	0.00	0.00	
1485661038	SMP	1	0.00	0.00	0.00	0.00	
1485669247	SMP	1	0.00	0.00	0.00	0.00	
1485677609	SMP	1	0.00	0.00	0.00	0.00	
1485686068	SMP	1	0.00	0.00	0.00	0.00	
1485694392	SMP	1	0.00	0.00	0.00	0.00	
1485711056	SMP	1	0.00	0.00	0.00	0.00	
1485719387	SMP	1	0.00	0.00	0.00	0.00	
1485727765	SMP	1	0.00	0.00	0.00	0.00	
1485735983	SMP	1	0.00	0.00	0.00	0.00	
1485744392	SMP	1	0.00	0.00	0.00	0.00	
1485752756	SMP	1	782.85	729.66	782.85	729.66	
1485761058	SMP	1	694.94	635.96	694.94	635.96	
1485769422	SMP	1	494.27	624.51	494.27	624.51	
1485777759	SMP	1	534.09	608.04	534.09	608.04	
1485786138	SMP	1	475.93	509.71	475.93	509.71	
1485794400	SMP	1	510.65	499.60	510.65	499.60	
1485802760	SMP	1	497.94	505.19	497.94	505.19	
1485811125	SMP	1	510.39	504.95	510.39	504.95	
1485819532	SMP	1	517.23	509.10	517.23	509.10	
1485827754	SMP	1	518.77	541.21	518.77	541.21	
1485836130	SMP	1	516.91	493.92	516.91	493.92	
1485844563	SMP	1	505.13	476.91	505.13	476.91	
1485852885	SMP	1	590.97	475.05	590.97	475.05	
1485861155	SMP	1	533.40	495.64	533.40	495.64	
1485869507	SMP	1	523.19	513.96	523.19	513.96	
1485877930	SMP	1	519.99	511.39	519.99	511.39	
1485886215	SMP	1	526.01	527.54	526.01	527.54	
1485894546	SMP	1	528.84	544.37	528.84	544.37	
1485902895	SMP	1	532.83	547.07	532.83	547.07	
1485911263	SMP	1	551.28	553.93	551.28	553.93	
1485919543	SMP	1	536.87	521.95	536.87	521.95	
1485927916	SMP	1	531.75	522.89	531.75	522.89	
1485936253	SMP	1	541.92	522.96	541.92	522.96	
1485944668	SMP	1	534.77	522.68	534.77	522.68	
1485952930	SMP	1	530.66	532.11	530.66	532.11	
1485961264	SMP	1	529.87	525.88	529.87	525.88	
1485969637	SMP	1	534.69	508.74	534.69	508.74	
1485977965	SMP	1	530.15	509.17	530.15	509.17	
1485986282	SMP	1	515.54	505.25	515.54	505.25	
1485994685	SMP	1	518.07	512.89	518.07	512.89	
1486003055	SMP	1	524.22	505.54	524.22	505.54	
1486011377	SMP	1	523.42	511.82	523.42	511.82	
1486019657	SMP	1	523.98	511.23	523.98	511.23	
1486027980	SMP	1	526.70	505.05	526.70	505.05	
1486036380	SMP	1	536.95	508.41	536.95	508.41	
1486044625	SMP	1	539.06	507.64	539.06	507.64	
1486053008	SMP	1	526.03	506.47	526.03	506.47	
1486061367	SMP	1	534.49	484.84	534.49	484.84	
1486069782	SMP	1	533.06	425.82	533.06	425.82	
1486078324	SMP	1	536.23	452.74	536.23	452.74	
1486086408	SMP	1	523.83	463.12	523.83	463.12	
1486094796	SMP	1	520.12	436.99	520.12	436.99	
1486103108	SMP	1	535.42	422.97	535.42	422.97	
1486111423	SMP	1	541.05	423.35	541.05	423.35	
1486119749	SMP	1	535.59	431.31	535.59	431.31	
1486128128	SMP	1	538.41	413.01	538.41	413.01	
1486136480	SMP	1	527.16	418.45	527.16	418.45	
1486144791	SMP	1	527.80	420.54	527.80	420.54	
1486153123	SMP	1	527.59	419.47	527.59	419.47	
1486161503	SMP	1	537.36	404.66	537.36	404.66	
1486169746	SMP	1	536.17	408.74	536.17	408.74	
1486178130	SMP	1	540.61	415.12	540.61	415.12	
1486186519	SMP	1	542.55	414.75	542.55	414.75	
1486194930	SMP	1	544.48	399.15	544.48	399.15	
1486203168	SMP	1	540.52	401.10	540.52	401.10	
1486211498	SMP	1	542.76	400.90	542.76	400.90	
1486219904	SMP	1	539.52	402.16	539.52	402.16	
1486228326	SMP	1	540.02	395.43	540.02	395.43	
1486236506	SMP	1	539.89	398.16	539.89	398.16	
1486244921	SMP	1	543.58	390.38	543.58	390.38	
1486253271	SMP	1	539.52	401.77	539.52	401.77	
1486261621	SMP	1	542.97	392.31	542.97	392.31	
1486269930	SMP	1	541.50	389.50	541.50	389.50	
1486278324	SMP	1	541.63	387.30	541.63	387.30	
1486286608	SMP	1	542.87	384.74	542.87	384.74	
1486294998	SMP	1	543.11	381.13	543.11	381.13	
1486303321	SMP	1	545.85	378.49	545.85	378.49	
1486311622	SMP	1	546.03	383.72	546.03	383.72	
1486319999	SMP	1	549.11	387.88	549.11	387.88	
1486328325	SMP	1	551.22	384.43	551.22	384.43	
1486336617	SMP	1	550.89	391.45	550.89	391.45	
1486345003	SMP	1	548.63	398.06	548.63	398.06	
1486353420	SMP	1	550.14	410.88	550.14	410.88	
1486361646	SMP	1	520.00	408.74	520.00	408.74	
1486370028	SMP	1	478.56	382.31	478.56	382.31	
1486378354	SMP	1	484.33	394.20	484.33	394.20	
1486386743	SMP	1	495.73	385.90	495.73	385.90	
1486395039	SMP	1	474.03	398.05	474.03	398.05	
1486403403	SMP	1	471.31	388.90	471.31	388.90	
1486411763	SMP	1	472.70	390.48	472.70	390.48	
1486420091	SMP	1	472.06	376.44	472.06	376.44	
1486428341	SMP	1	475.96	379.67	475.96	379.67	
1486436780	SMP	1	476.49	380.50	476.49	380.50	
1486445272	SMP	1	473.41	386.04	473.41	386.04	
1486453366	SMP	1	474.63	388.76	474.63	388.76	
1486461761	SMP	1	475.33	394.29	475.33	394.29	
1486470122	SMP	1	477.62	407.56	477.62	407.56	
1486478517	SMP	1	477.28	408.70	477.28	408.70	
1486486781	SMP	1	479.74	413.09	479.74	413.09	
1486495149	SMP	1	480.47	410.70	480.47	410.70	
1486503479	SMP	1	481.96	412.81	481.96	412.81	
1486511887	SMP	1	483.47	420.75	483.47	420.75	
1486520128	SMP	1	483.15	424.11	483.15	424.11	
1486528480	SMP	1	482.15	426.19	482.15	426.19	
1486536865	SMP	1	483.68	426.11	483.68	426.11	
1486545259	SMP	1	483.76	430.07	483.76	430.07	
1486553489	SMP	1	484.40	432.58	484.40	432.58	
1486561919	SMP	1	483.50	428.25	483.50	428.25	
1486570317	SMP	1	483.14	423.97	483.14	423.97	
1486578466	SMP	1	483.97	364.68	483.97	364.68	
1486586878	SMP	1	485.66	363.26	485.66	363.26	
1486595294	SMP	1	487.22	352.98	487.22	352.98	
1486603620	SMP	1	484.51	372.18	484.51	372.18	
1486611908	SMP	1	484.22	385.33	484.22	385.33	
1486620246	SMP	1	485.46	369.73	485.46	369.73	
1486628623	SMP	1	486.10	383.98	486.10	383.98	
1486637205	SMP	1	486.40	386.49	486.40	386.49	
1486645296	SMP	1	485.13	400.74	485.13	400.74	
1486653636	SMP	1	483.34	408.05	483.34	408.05	
1486661994	SMP	1	483.69	393.61	483.69	393.61	
1486670483	SMP	1	484.01	396.18	484.01	396.18	
1486678614	SMP	1	483.38	397.74	483.38	397.74	
1486687019	SMP	1	483.49	394.15	483.49	394.15	
1486695412	SMP	1	483.58	398.17	483.58	398.17	
1486703729	SMP	1	485.37	392.84	485.37	392.84	
1486711997	SMP	1	484.73	383.69	484.73	383.69	
1486720365	SMP	1	483.23	390.56	483.23	390.56	
1486728746	SMP	1	478.73	388.97	478.73	388.97	
1486737017	SMP	1	475.85	386.20	475.85	386.20	
1486745374	SMP	1	469.58	375.04	469.58	375.04	
1486753782	SMP	1	465.88	363.39	465.88	363.39	
1486762131	SMP	1	474.01	351.65	474.01	351.65	
1486770390	SMP	1	481.11	356.06	481.11	356.06	
1486778773	SMP	1	475.74	351.30	475.74	351.30	
1486787218	SMP	1	482.04	350.01	482.04	350.01	
1486795484	SMP	1	481.34	346.84	481.34	346.84	
1486803778	SMP	1	483.10	350.63	483.10	350.63	
1486812088	SMP	1	477.95	345.45	477.95	345.45	
1486820517	SMP	1	478.95	349.76	478.95	349.76	
1486828879	SMP	1	476.27	346.69	476.27	346.69	
1486837149	SMP	1	479.35	350.30	479.35	350.30	
1486845534	SMP	1	480.68	358.64	480.68	358.64	
1486853865	SMP	1	478.70	359.84	478.70	359.84	
1486862186	SMP	1	481.17	367.04	481.17	367.04	
1486870492	SMP	1	479.15	369.32	479.15	369.32	
1486878866	SMP	1	477.83	367.09	477.83	367.09	
1486887283	SMP	1	474.98	373.96	474.98	373.96	
1486895529	SMP	1	474.99	389.62	474.99	389.62	
1486903863	SMP	1	477.39	381.88	477.39	381.88	
1486912289	SMP	1	479.08	386.34	479.08	386.34	
1486920595	SMP	1	481.59	393.48	481.59	393.48	
1486928863	SMP	1	478.49	392.52	478.49	392.52	
1486937284	SMP	1	479.42	385.07	479.42	385.07	
1486945646	SMP	1	476.31	381.53	476.31	381.53	
1486953996	SMP	1	471.71	373.01	471.71	373.01	
1486962246	SMP	1	456.80	372.02	456.80	372.02	
1486970652	SMP	1	463.69	371.63	463.69	371.63	
1486979038	SMP	1	465.79	395.53	465.79	395.53	
1486987266	SMP	1	475.48	376.72	475.48	376.72	
1486995658	SMP	1	473.09	375.43	473.09	375.43	
1487003991	SMP	1	478.66	364.53	478.66	364.53	
1487012348	SMP	1	470.32	361.10	470.32	361.10	
1487020670	SMP	1	481.40	372.91	481.40	372.91	
1487029029	SMP	1	485.43	372.83	485.43	372.83	
1487037459	SMP	1	492.49	371.05	492.49	371.05	
1487045753	SMP	1	493.12	359.95	493.12	359.95	
1487054051	SMP	1	566.06	404.98	566.06	404.98	
1487062363	SMP	1	510.30	346.81	510.30	346.81	
1487070734	SMP	1	510.82	348.31	510.82	348.31	
1487079160	SMP	1	513.24	345.64	513.24	345.64	
1487087307	SMP	1	521.41	351.38	521.41	351.38	
1487095774	SMP	1	523.88	346.89	523.88	346.89	
1487104114	SMP	1	523.30	350.84	523.30	350.84	
1487112502	SMP	1	525.64	337.43	525.64	337.43	
1487120784	SMP	1	526.37	335.04	526.37	335.04	
1487129116	SMP	1	526.81	336.54	526.81	336.54	
1487137485	SMP	1	521.58	334.24	521.58	334.24	
1487145770	SMP	1	521.55	327.17	521.55	327.17	
1487154156	SMP	1	519.22	326.07	519.22	326.07	
1487162491	SMP	1	520.47	324.63	520.47	324.63	
1487170869	SMP	1	516.42	304.91	516.42	304.91	
1487179085	SMP	1	513.62	289.10	513.62	289.10	
1487187503	SMP	1	510.74	303.86	510.74	303.86	
1487195889	SMP	1	507.11	278.70	507.11	278.70	
1487204280	SMP	1	502.19	281.79	502.19	281.79	
1487212457	SMP	1	498.01	281.32	498.01	281.32	
1487220885	SMP	1	498.14	268.30	498.14	268.30	
1487229200	SMP	1	493.90	297.05	493.90	297.05	
1487237638	SMP	1	493.71	286.36	493.71	286.36	
1487245836	SMP	1	495.90	304.86	495.90	304.86	
1487254232	SMP	1	490.65	299.67	490.65	299.67	
1487262604	SMP	1	490.55	300.10	490.55	300.10	
1487270884	SMP	1	489.22	299.75	489.22	299.75	
1487279271	SMP	1	487.91	287.77	487.91	287.77	
1487287629	SMP	1	485.40	281.15	485.40	281.15	
1487295961	SMP	1	486.89	280.17	486.89	280.17	
1487304218	SMP	1	488.17	278.29	488.17	278.29	
1487312654	SMP	1	486.97	281.17	486.97	281.17	
1487321013	SMP	1	485.14	272.87	485.14	272.87	
1487329379	SMP	1	488.10	280.39	488.10	280.39	
1487337603	SMP	1	488.34	267.15	488.34	267.15	
1487346017	SMP	1	486.05	264.17	486.05	264.17	
1487354355	SMP	1	487.29	260.16	487.29	260.16	
1487362784	SMP	1	489.58	257.61	489.58	257.61	
1487370992	SMP	1	492.87	258.85	492.87	258.85	
1487379373	SMP	1	495.98	260.99	495.98	260.99	
1487387724	SMP	1	498.71	252.93	498.71	252.93	
1487396040	SMP	1	501.75	264.05	501.75	264.05	
1487404367	SMP	1	504.17	258.61	504.17	258.61	
1487412724	SMP	1	507.71	260.60	507.71	260.60	
1487421196	SMP	1	508.63	263.55	508.63	263.55	
1487429347	SMP	1	494.23	261.55	494.23	261.55	
1487437699	SMP	1	439.84	262.21	439.84	262.21	
1487446157	SMP	1	446.01	259.94	446.01	259.94	
1487454505	SMP	1	441.43	267.83	441.43	267.83	
1487462735	SMP	1	447.26	257.57	447.26	257.57	
1487471114	SMP	1	446.32	265.37	446.32	265.37	
1487479498	SMP	1	442.66	260.09	442.66	260.09	
1487487909	SMP	1	443.69	262.56	443.69	262.56	
1487496119	SMP	1	441.35	276.55	441.35	276.55	
1487504441	SMP	1	441.18	273.24	441.18	273.24	
1487512851	SMP	1	426.65	256.06	426.65	256.06	
1487521268	SMP	1	415.80	266.22	415.80	266.22	
1487529524	SMP	1	433.78	271.00	433.78	271.00	
1487537855	SMP	1	420.23	289.36	420.23	289.36	
1487546246	SMP	1	385.38	296.75	385.38	296.75	
1487554515	SMP	1	424.95	296.39	424.95	296.39	
1487562864	SMP	1	419.26	281.97	419.26	281.97	
1487571248	SMP	1	403.14	292.97	403.14	292.97	
1487579624	SMP	1	437.80	314.63	437.80	314.63	
1487587863	SMP	1	432.62	306.08	432.62	306.08	
1487596255	SMP	1	476.66	308.74	476.66	308.74	
1487604631	SMP	1	455.79	301.08	455.79	301.08	
1487613113	SMP	1	454.18	307.51	454.18	307.51	
1487621233	SMP	1	431.60	259.16	431.60	259.16	
1487629583	SMP	1	423.69	295.70	423.69	295.70	
1487638007	SMP	1	437.92	300.27	437.92	300.27	
1487646395	SMP	1	436.98	308.25	436.98	308.25	
1487654598	SMP	1	500.74	342.93	500.74	342.93	
1487662989	SMP	1	542.20	319.30	542.20	319.30	
1487671362	SMP	1	621.47	360.64	621.47	360.64	
1487679631	SMP	1	606.90	343.61	606.90	343.61	
1487687987	SMP	1	620.17	324.29	620.17	324.29	
1487696391	SMP	1	625.84	337.15	625.84	337.15	
1487704724	SMP	1	643.81	337.90	643.81	337.90	
1487713024	SMP	1	634.49	354.33	634.49	354.33	
1487721381	SMP	1	611.77	358.69	611.77	358.69	
1487729730	SMP	1	615.18	370.74	615.18	370.74	
1487738113	SMP	1	597.67	374.74	597.67	374.74	
1487746362	SMP	1	608.33	367.64	608.33	367.64	
1487754719	SMP	1	614.11	362.63	614.11	362.63	
1487763169	SMP	1	606.80	355.91	606.80	355.91	
1487771505	SMP	1	609.51	373.55	609.51	373.55	
1487779759	SMP	1	608.70	374.08	608.70	374.08	
1487788099	SMP	1	682.34	396.03	682.34	396.03	
1487796487	SMP	1	612.49	379.69	612.49	379.69	
1487804852	SMP	1	616.19	386.60	616.19	386.60	
1487813080	SMP	1	628.79	383.61	628.79	383.61	
1487821496	SMP	1	637.31	417.70	637.31	417.70	
1487829863	SMP	1	634.43	413.95	634.43	413.95	
1487838205	SMP	1	638.72	424.44	638.72	424.44	
1487846519	SMP	1	642.16	410.37	642.16	410.37	
1487854828	SMP	1	604.06	416.94	604.06	416.94	
1487863228	SMP	1	594.86	424.32	594.86	424.32	
1487871501	SMP	1	577.58	415.53	577.58	415.53	
1487879871	SMP	1	567.08	420.23	567.08	420.23	
1487888259	SMP	1	558.14	429.91	558.14	429.91	
1487896639	SMP	1	559.35	435.29	559.35	435.29	
1487904840	SMP	1	554.33	428.49	554.33	428.49	
1487913222	SMP	1	553.93	427.10	553.93	427.10	
1487921603	SMP	1	557.02	435.95	557.02	435.95	
1487929980	SMP	1	553.48	432.63	553.48	432.63	
1487938206	SMP	1	557.90	438.03	557.90	438.03	
1487946660	SMP	1	566.37	439.18	566.37	439.18	
1487955017	SMP	1	558.82	441.69	558.82	441.69	
1487963224	SMP	1	539.62	441.12	539.62	441.12	
1487971617	SMP	1	507.16	450.76	507.16	450.76	
1487979982	SMP	1	498.35	452.71	498.35	452.71	
1487988313	SMP	1	484.90	460.60	484.90	460.60	
1487996591	SMP	1	524.99	466.28	524.99	466.28	
1488005003	SMP	1	555.31	460.25	555.31	460.25	
1488013336	SMP	1	553.39	460.94	553.39	460.94	
1488021741	SMP	1	572.75	455.02	572.75	455.02	
1488029987	SMP	1	563.68	450.82	563.68	450.82	
1488038352	SMP	1	466.17	455.34	466.17	455.34	
1488046744	SMP	1	459.88	453.59	459.88	453.59	
1488055095	SMP	1	457.71	439.27	457.71	439.27	
1488063346	SMP	1	471.23	425.03	471.23	425.03	
1488071744	SMP	1	471.59	413.58	471.59	413.58	
1488080148	SMP	1	465.94	415.82	465.94	415.82	
1488088309	SMP	1	467.98	406.79	467.98	406.79	
1488096755	SMP	1	475.16	401.57	475.16	401.57	
1488105079	SMP	1	465.60	409.78	465.60	409.78	
1488113517	SMP	1	461.25	406.82	461.25	406.82	
1488121720	SMP	1	452.77	405.96	452.77	405.96	
1488130089	SMP	1	465.46	402.84	465.46	402.84	
1488138453	SMP	1	466.84	403.20	466.84	403.20	
1488146890	SMP	1	457.31	402.86	457.31	402.86	
1488155100	SMP	1	457.82	406.20	457.82	406.20	
1488163525	SMP	1	451.17	406.22	451.17	406.22	
1488171824	SMP	1	449.31	408.48	449.31	408.48	
1488180255	SMP	1	450.45	405.46	450.45	405.46	
1488188441	SMP	1	452.62	401.27	452.62	401.27	
1488196861	SMP	1	442.22	404.83	442.22	404.83	
1488205219	SMP	1	440.34	402.03	440.34	402.03	
1488213591	SMP	1	456.47	402.34	456.47	402.34	
1488221865	SMP	1	461.59	405.05	461.59	405.05	
1488230216	SMP	1	454.45	401.15	454.45	401.15	
1488238607	SMP	1	457.34	397.75	457.34	397.75	
1488246883	SMP	1	453.28	394.64	453.28	394.64	
1488255218	SMP	1	462.72	383.97	462.72	383.97	
1488263586	SMP	1	469.99	383.97	469.99	383.97	
1488272053	SMP	1	470.84	399.11	470.84	399.11	
1488280244	SMP	1	474.21	407.05	474.21	407.05	
1488288620	SMP	1	475.54	401.77	475.54	401.77	
1488296990	SMP	1	477.24	422.40	477.24	422.40	
1488305335	SMP	1	476.37	405.19	476.37	405.19	
1488313585	SMP	1	473.16	415.59	473.16	415.59	
1488322001	SMP	1	472.25	410.33	472.25	410.33	
1488330382	SMP	1	469.22	413.16	469.22	413.16	
1488338718	SMP	1	476.32	415.70	476.32	415.70	
1488346999	SMP	1	473.58	415.32	473.58	415.32	
1488355369	SMP	1	473.30	417.35	473.30	417.35	
1488363757	SMP	1	471.01	412.36	471.01	412.36	
1488371970	SMP	1	468.65	392.38	468.65	392.38	
1488380374	SMP	1	472.20	380.10	472.20	380.10	
1488388717	SMP	1	467.40	390.34	467.40	390.34	
1488397426	SMP	1	457.50	392.67	457.50	392.67	
1488405383	SMP	1	454.05	389.81	454.05	389.81	
1488413723	SMP	1	472.23	404.65	472.23	404.65	
1488422094	SMP	1	545.06	402.40	545.06	402.40	
1488431091	SMP	1	544.75	374.27	544.75	374.27	
1488438692	SMP	1	523.63	394.77	523.63	394.77	
1488447095	SMP	1	507.92	391.52	507.92	391.52	
1488455486	SMP	1	518.81	387.61	518.81	387.61	
1488463844	SMP	1	520.01	391.74	520.01	391.74	
1488472112	SMP	1	533.69	399.79	533.69	399.79	
1488480477	SMP	1	536.57	396.47	536.57	396.47	
1488488818	SMP	1	540.80	387.71	540.80	387.71	
1488497098	SMP	1	548.59	393.99	548.59	393.99	
1488505435	SMP	1	547.82	387.96	547.82	387.96	
1488513883	SMP	1	544.18	385.36	544.18	385.36	
1488522241	SMP	1	550.67	386.42	550.67	386.42	
1488530463	SMP	1	552.38	382.93	552.38	382.93	
1488538844	SMP	1	551.22	384.14	551.22	384.14	
1488547268	SMP	1	552.21	386.00	552.21	386.00	
1488555578	SMP	1	553.73	389.04	553.73	389.04	
1488563886	SMP	1	552.33	385.27	552.33	385.27	
1488572237	SMP	1	550.60	380.51	550.60	380.51	
1488580609	SMP	1	551.04	382.14	551.04	382.14	
1488588976	SMP	1	545.12	377.83	545.12	377.83	
1488597278	SMP	1	543.80	378.56	543.80	378.56	
1488605572	SMP	1	546.14	374.83	546.14	374.83	
1488613962	SMP	1	543.17	373.17	543.17	373.17	
1488622335	SMP	1	543.40	380.50	543.40	380.50	
1488630581	SMP	1	533.99	366.31	533.99	366.31	
1488638967	SMP	1	531.13	373.39	531.13	373.39	
1488647348	SMP	1	526.96	361.64	526.96	361.64	
1488655603	SMP	1	574.36	361.30	574.36	361.30	
1488663960	SMP	1	671.79	354.18	671.79	354.18	
1488672341	SMP	1	765.78	365.50	765.78	365.50	
1488680697	SMP	1	758.33	385.83	758.33	385.83	
1488688968	SMP	1	743.62	361.26	743.62	361.26	
1488697338	SMP	1	730.08	380.07	730.08	380.07	
1488705722	SMP	1	744.57	382.54	744.57	382.54	
1488714082	SMP	1	745.84	381.23	745.84	381.23	
1488722369	SMP	1	742.83	382.78	742.83	382.78	
1488730705	SMP	1	739.02	379.73	739.02	379.73	
1488739097	SMP	1	744.12	375.62	744.12	375.62	
1488747481	SMP	1	743.91	372.33	743.91	372.33	
1488755740	SMP	1	741.71	374.93	741.71	374.93	
1488764094	SMP	1	738.82	372.20	738.82	372.20	
1488772477	SMP	1	735.11	374.63	735.11	374.63	
1488780727	SMP	1	732.71	372.12	732.71	372.12	
1488789087	SMP	1	733.39	372.18	733.39	372.18	
1488797459	SMP	1	734.73	367.07	734.73	367.07	
1488805863	SMP	1	730.18	362.90	730.18	362.90	
1488814125	SMP	1	717.26	365.73	717.26	365.73	
1488822477	SMP	1	717.12	362.34	717.12	362.34	
1488830837	SMP	1	682.51	436.10	682.51	436.10	
1488839241	SMP	1	728.16	366.71	728.16	366.71	
1488847493	SMP	1	581.85	406.91	581.85	406.91	
1488855810	SMP	1	562.23	438.20	562.23	438.20	
1488864213	SMP	1	514.26	457.41	514.26	457.41	
1488872547	SMP	1	519.67	442.37	519.67	442.37	
1488880881	SMP	1	518.63	546.91	518.63	546.91	
1488889198	SMP	1	519.10	548.35	519.10	548.35	
1488897621	SMP	1	515.80	536.62	515.80	536.62	
1488905845	SMP	1	564.65	539.78	564.65	539.78	
1488914255	SMP	1	558.83	538.12	558.83	538.12	
1488922594	SMP	1	550.27	539.04	550.27	539.04	
1488930959	SMP	1	554.05	526.78	554.05	526.78	
1488939174	SMP	1	534.45	531.11	534.45	531.11	
1488947623	SMP	1	550.82	527.24	550.82	527.24	
1488955970	SMP	1	608.01	513.59	608.01	513.59	
1488964369	SMP	1	610.02	514.02	610.02	514.02	
1488972609	SMP	1	599.68	517.79	599.68	517.79	
1488980947	SMP	1	564.08	511.82	564.08	511.82	
1488989335	SMP	1	557.30	512.79	557.30	512.79	
1488997752	SMP	1	550.09	508.65	550.09	508.65	
1489005958	SMP	1	546.77	463.75	546.77	463.75	
1489014325	SMP	1	541.79	451.00	541.79	451.00	
1489022728	SMP	1	576.68	446.49	576.68	446.49	
1489031096	SMP	1	542.81	439.04	542.81	439.04	
1489039361	SMP	1	534.47	440.11	534.47	440.11	
1489047738	SMP	1	526.94	450.24	526.94	450.24	
1489056142	SMP	1	530.05	463.68	530.05	463.68	
1489064322	SMP	1	531.46	436.36	531.46	436.36	
1489072747	SMP	1	526.91	428.25	526.91	428.25	
1489081123	SMP	1	515.06	437.01	515.06	437.01	
1489089455	SMP	1	497.31	431.54	497.31	431.54	
1489097742	SMP	1	521.59	437.90	521.59	437.90	
1489106063	SMP	1	518.47	435.73	518.47	435.73	
1489114456	SMP	1	516.62	439.76	516.62	439.76	
1489122865	SMP	1	506.68	458.03	506.68	458.03	
1489131080	SMP	1	486.69	446.67	486.69	446.67	
1489139451	SMP	1	477.93	452.95	477.93	452.95	
1489147863	SMP	1	524.08	441.12	524.08	441.12	
1489156242	SMP	1	577.90	437.29	577.90	437.29	
1489164457	SMP	1	580.79	433.22	580.79	433.22	
1489172861	SMP	1	579.27	426.50	579.27	426.50	
1489181180	SMP	1	593.30	491.08	593.30	491.08	
1489189474	SMP	1	543.88	505.00	543.88	505.00	
1489197848	SMP	1	549.14	502.66	549.14	502.66	
1489206228	SMP	1	512.91	454.21	512.91	454.21	
1489214579	SMP	1	522.53	468.03	522.53	468.03	
1489222844	SMP	1	515.76	460.21	515.76	460.21	
1489231573	SMP	1	498.71	475.70	498.71	475.70	
1489239599	SMP	1	496.84	484.04	496.84	484.04	
1489247970	SMP	1	490.44	494.70	490.44	494.70	
1489256205	SMP	1	481.97	498.79	481.97	498.79	
1489264573	SMP	1	476.98	502.79	476.98	502.79	
1489272944	SMP	1	514.00	496.65	514.00	496.65	
1489281374	SMP	1	511.98	494.17	511.98	494.17	
1489289556	SMP	1	501.97	496.50	501.97	496.50	
1489297963	SMP	1	499.18	497.41	499.18	497.41	
1489306317	SMP	1	498.09	496.48	498.09	496.48	
1489314621	SMP	1	484.64	497.49	484.64	497.49	
1489322976	SMP	1	490.25	498.44	490.25	498.44	
1489331345	SMP	1	479.41	501.59	479.41	501.59	
1489339694	SMP	1	485.08	501.36	485.08	501.36	
1489347981	SMP	1	488.14	505.66	488.14	505.66	
1489356294	SMP	1	479.35	555.94	479.35	555.94	
1489364737	SMP	1	471.77	614.18	471.77	614.18	
1489373191	SMP	1	459.20	618.70	459.20	618.70	
1489381306	SMP	1	460.90	622.16	460.90	622.16	
1489389673	SMP	1	463.05	618.38	463.05	618.38	
1489398233	SMP	1	461.08	615.54	461.08	615.54	
1489406460	SMP	1	459.24	615.83	459.24	615.83	
1489414694	SMP	1	460.23	616.55	460.23	616.55	
1489423078	SMP	1	454.01	620.44	454.01	620.44	
1489431451	SMP	1	457.04	615.85	457.04	615.85	
1489439832	SMP	1	454.18	617.45	454.18	617.45	
1489448114	SMP	1	451.09	621.34	451.09	621.34	
1489456463	SMP	1	449.65	618.98	449.65	618.98	
1489464815	SMP	1	438.48	615.99	438.48	615.99	
1489473119	SMP	1	437.74	615.35	437.74	615.35	
1489481454	SMP	1	444.87	612.90	444.87	612.90	
1489489829	SMP	1	440.61	612.28	440.61	612.28	
1489498247	SMP	1	444.80	609.87	444.80	609.87	
1489506441	SMP	1	445.76	609.16	445.76	609.16	
1489514815	SMP	1	445.30	610.33	445.30	610.33	
1489523232	SMP	1	443.48	609.65	443.48	609.65	
1489531617	SMP	1	444.67	608.93	444.67	608.93	
1489539826	SMP	1	444.48	606.33	444.48	606.33	
1489548259	SMP	1	444.81	605.40	444.81	605.40	
1489556597	SMP	1	446.49	608.89	446.49	608.89	
1489565092	SMP	1	450.84	609.97	450.84	609.97	
1489573213	SMP	1	449.97	613.61	449.97	613.61	
1489581586	SMP	1	454.56	610.70	454.56	610.70	
1489589946	SMP	1	462.16	619.20	462.16	619.20	
1489598274	SMP	1	468.51	621.04	468.51	621.04	
1489606572	SMP	1	469.91	616.40	469.91	616.40	
1489614957	SMP	1	469.13	618.94	469.13	618.94	
1489623319	SMP	1	474.14	619.40	474.14	619.40	
1489631585	SMP	1	479.31	621.78	479.31	621.78	
1489639955	SMP	1	484.56	621.72	484.56	621.72	
1489648317	SMP	1	484.12	620.48	484.12	620.48	
1489656689	SMP	1	487.79	615.28	487.79	615.28	
1489664943	SMP	1	489.02	617.57	489.02	617.57	
1489673318	SMP	1	490.82	616.10	490.82	616.10	
1489681695	SMP	1	488.60	617.19	488.60	617.19	
1489690109	SMP	1	485.90	616.02	485.90	616.02	
1489698306	SMP	1	486.93	617.27	486.93	617.27	
1489706683	SMP	1	634.47	618.36	634.47	618.36	
1489715114	SMP	1	524.13	602.02	524.13	602.02	
1489723344	SMP	1	548.56	578.82	548.56	578.82	
1489731688	SMP	1	570.56	587.24	570.56	587.24	
1489740071	SMP	1	571.95	552.02	571.95	552.02	
1489748435	SMP	1	572.01	544.38	572.01	544.38	
1489756683	SMP	1	571.90	534.10	571.90	534.10	
1489765110	SMP	1	571.89	531.37	571.89	531.37	
1489773471	SMP	1	577.04	527.40	577.04	527.40	
1489781831	SMP	1	576.44	527.63	576.44	527.63	
1489790080	SMP	1	579.69	519.80	579.69	519.80	
1489798439	SMP	1	578.74	526.66	578.74	526.66	
1489806813	SMP	1	577.96	522.90	577.96	522.90	
1489815145	SMP	1	579.04	520.20	579.04	520.20	
1489823447	SMP	1	578.28	517.27	578.28	517.27	
1489831811	SMP	1	577.14	516.97	577.14	516.97	
1489840200	SMP	1	577.31	517.20	577.31	517.20	
1489848607	SMP	1	576.85	517.70	576.85	517.70	
1489856800	SMP	1	576.59	517.49	576.59	517.49	
1489865193	SMP	1	576.70	517.44	576.70	517.44	
1489873603	SMP	1	576.00	517.74	576.00	517.74	
1489881817	SMP	1	576.09	518.33	576.09	518.33	
1489890222	SMP	1	575.01	520.35	575.01	520.35	
1489898600	SMP	1	575.90	521.63	575.90	521.63	
1489906919	SMP	1	575.51	524.81	575.51	524.81	
1489915164	SMP	1	573.70	525.55	573.70	525.55	
1489923601	SMP	1	574.27	526.15	574.27	526.15	
1489931939	SMP	1	722.65	526.10	722.65	526.10	
1489940312	SMP	1	723.39	526.71	723.39	526.71	
1489948608	SMP	1	727.08	525.24	727.08	525.24	
1489956968	SMP	1	729.22	525.19	729.22	525.19	
1489965305	SMP	1	731.22	520.76	731.22	520.76	
1489973709	SMP	1	569.24	521.76	569.24	521.76	
1489981915	SMP	1	733.67	518.22	733.67	518.22	
1489990315	SMP	1	565.99	514.24	565.99	514.24	
1489998708	SMP	1	563.76	511.54	563.76	511.54	
1490006961	SMP	1	565.45	510.89	565.45	510.89	
1490015268	SMP	1	567.04	506.67	567.04	506.67	
1490023708	SMP	1	741.55	522.42	741.55	522.42	
1490032110	SMP	1	747.20	522.13	747.20	522.13	
1490040315	SMP	1	752.50	546.17	752.50	546.17	
1490048724	SMP	1	754.93	535.70	754.93	535.70	
1490057043	SMP	1	759.89	538.12	759.89	538.12	
1490065442	SMP	1	761.02	543.81	761.02	543.81	
1490073659	SMP	1	761.60	546.32	761.60	546.32	
1490082109	SMP	1	761.06	547.82	761.06	547.82	
1490090493	SMP	1	759.68	541.40	759.68	541.40	
1490098852	SMP	1	761.01	540.27	761.01	540.27	
1490107054	SMP	1	761.12	541.63	761.12	541.63	
1490115504	SMP	1	761.24	537.51	761.24	537.51	
1490123817	SMP	1	760.30	536.09	760.30	536.09	
1490132058	SMP	1	750.03	536.25	750.03	536.25	
1490140431	SMP	1	713.12	539.23	713.12	539.23	
1490148849	SMP	1	676.08	481.21	676.08	481.21	
1490157371	SMP	1	665.72	465.35	665.72	465.35	
1490165488	SMP	1	658.56	466.64	658.56	466.64	
1490174219	SMP	1	651.97	470.84	651.97	470.84	
1490182208	SMP	1	654.21	457.81	654.21	457.81	
1490191092	SMP	1	653.60	468.32	653.60	468.32	
1490198851	SMP	1	654.37	457.15	654.37	457.15	
1490207216	SMP	1	672.63	548.88	672.63	548.88	
1490215555	SMP	1	655.25	457.40	655.25	457.40	
1490224036	SMP	1	675.51	558.31	675.51	558.31	
1490232163	SMP	1	550.63	456.77	550.63	456.77	
1490240609	SMP	1	672.54	496.49	672.54	496.49	
1490248947	SMP	1	829.73	459.36	829.73	459.36	
1490257249	SMP	1	909.01	415.40	909.01	415.40	
1490265553	SMP	1	1021.35	321.82	1021.35	321.82	
1490273950	SMP	1	973.58	326.05	973.58	326.05	
1490282348	SMP	1	1027.94	248.89	1027.94	248.89	
1490290547	SMP	1	1021.24	221.95	1021.24	221.95	
1490298974	SMP	1	1040.61	247.35	1040.61	247.35	
1490307255	SMP	1	1032.69	325.52	1032.69	325.52	
1490315694	SMP	1	1038.94	282.41	1038.94	282.41	
1490323962	SMP	1	968.33	201.90	968.33	201.90	
1490332310	SMP	1	1005.94	205.43	1005.94	205.43	
1490340684	SMP	1	1028.10	313.62	1028.10	313.62	
1490349083	SMP	1	1025.55	237.95	1025.55	237.95	
1490357313	SMP	1	1026.95	264.84	1026.95	264.84	
1490365679	SMP	1	1033.44	303.07	1033.44	303.07	
1490374057	SMP	1	1022.17	290.87	1022.17	290.87	
1490382427	SMP	1	1028.00	244.77	1028.00	244.77	
1490390671	SMP	1	1032.23	251.45	1032.23	251.45	
1490399060	SMP	1	1031.82	275.30	1031.82	275.30	
1490407469	SMP	1	1052.40	284.72	1052.40	284.72	
1490415682	SMP	1	1033.84	279.00	1033.84	279.00	
1490424080	SMP	1	1034.71	298.16	1034.71	298.16	
1490432471	SMP	1	1047.00	276.43	1047.00	276.43	
1490440840	SMP	1	1040.36	272.36	1040.36	272.36	
1490449067	SMP	1	1041.56	329.71	1041.56	329.71	
1490457414	SMP	1	1032.10	276.99	1032.10	276.99	
1490465800	SMP	1	1036.19	262.37	1036.19	262.37	
1490474196	SMP	1	1026.01	253.56	1026.01	253.56	
1490482445	SMP	1	1041.00	311.64	1041.00	311.64	
1490490806	SMP	1	1047.00	307.54	1047.00	307.54	
1490499191	SMP	1	1041.31	298.90	1041.31	298.90	
1490507544	SMP	1	1031.64	303.57	1031.64	303.57	
1490515854	SMP	1	1020.77	281.98	1020.77	281.98	
1490524202	SMP	1	1014.62	289.05	1014.62	289.05	
1490532577	SMP	1	1026.14	284.97	1026.14	284.97	
1490540800	SMP	1	1019.95	300.81	1019.95	300.81	
1490549218	SMP	1	1029.85	301.95	1029.85	301.95	
1490557530	SMP	1	1029.01	330.48	1029.01	330.48	
1490565925	SMP	1	1034.28	307.74	1034.28	307.74	
1490574159	SMP	1	1018.83	318.65	1018.83	318.65	
1490582571	SMP	1	1031.65	319.14	1031.65	319.14	
1490590954	SMP	1	1018.83	324.57	1018.83	324.57	
1490599344	SMP	1	1016.64	305.67	1016.64	305.67	
1490607530	SMP	1	1032.11	348.92	1032.11	348.92	
1490615929	SMP	1	1032.88	347.35	1032.88	347.35	
1490624303	SMP	1	1022.80	339.25	1022.80	339.25	
1490632670	SMP	1	1040.11	361.81	1040.11	361.81	
1490640979	SMP	1	1033.31	320.85	1033.31	320.85	
1490649342	SMP	1	1036.12	348.58	1036.12	348.58	
1490657649	SMP	1	991.96	370.02	991.96	370.02	
1490665923	SMP	1	1042.57	342.05	1042.57	342.05	
1490674296	SMP	1	992.84	357.57	992.84	357.57	
1490682714	SMP	1	1043.29	385.07	1043.29	385.07	
1490691012	SMP	1	992.26	356.05	992.26	356.05	
1490699344	SMP	1	988.72	344.98	988.72	344.98	
1490707682	SMP	1	1027.36	364.99	1027.36	364.99	
1490716046	SMP	1	1019.50	358.53	1019.50	358.53	
1490724460	SMP	1	969.77	341.69	969.77	341.69	
1490732655	SMP	1	934.93	366.28	934.93	366.28	
1490741073	SMP	1	973.81	379.07	973.81	379.07	
1490749416	SMP	1	980.22	364.18	980.22	364.18	
1490757828	SMP	1	990.52	354.60	990.52	354.60	
1490766064	SMP	1	1004.64	357.65	1004.64	357.65	
1490774441	SMP	1	1009.18	387.05	1009.18	387.05	
1490782812	SMP	1	991.33	361.17	991.33	361.17	
1490791169	SMP	1	986.78	358.66	986.78	358.66	
1490799435	SMP	1	949.88	381.48	949.88	381.48	
1490807801	SMP	1	956.85	362.72	956.85	362.72	
1490816137	SMP	1	950.50	365.88	950.50	365.88	
1490824447	SMP	1	952.31	363.60	952.31	363.60	
1490832847	SMP	1	959.49	353.28	959.49	353.28	
1490841182	SMP	1	952.40	354.25	952.40	354.25	
1490849580	SMP	1	942.64	369.73	942.64	369.73	
1490857770	SMP	1	947.15	354.71	947.15	354.71	
1490866174	SMP	1	937.23	339.39	937.23	339.39	
1490874538	SMP	1	941.62	322.74	941.62	322.74	
1490882966	SMP	1	941.26	412.93	941.26	412.93	
1490891148	SMP	1	929.02	357.64	929.02	357.64	
1490899587	SMP	1	929.92	324.12	929.92	324.12	
1490907929	SMP	1	935.46	293.02	935.46	293.02	
1490916350	SMP	1	928.37	311.61	928.37	311.61	
1490924574	SMP	1	936.75	363.87	936.75	363.87	
1490932927	SMP	1	927.35	362.48	927.35	362.48	
1490941286	SMP	1	929.78	375.54	929.78	375.54	
1490949553	SMP	1	929.13	386.46	929.13	386.46	
1490957916	SMP	1	921.05	344.34	921.05	344.34	
1490966324	SMP	1	923.92	308.15	923.92	308.15	
1490974697	SMP	1	929.11	325.37	929.11	325.37	
1490982904	SMP	1	927.02	304.53	927.02	304.53	
1490991328	SMP	1	926.43	327.67	926.43	327.67	
1490999709	SMP	1	920.20	317.43	920.20	317.43	
1491008139	SMP	1	922.95	291.78	922.95	291.78	
1491016289	SMP	1	918.19	302.86	918.19	302.86	
1491024697	SMP	1	911.12	337.58	911.12	337.58	
1491033054	SMP	1	921.98	348.10	921.98	348.10	
1491041444	SMP	1	918.25	355.56	918.25	355.56	
1491049711	SMP	1	919.03	363.08	919.03	363.08	
1491058004	SMP	1	909.33	378.76	909.33	378.76	
1491066379	SMP	1	908.56	379.59	908.56	379.59	
1491074829	SMP	1	918.63	383.44	918.63	383.44	
1491083050	SMP	1	923.20	384.34	923.20	384.34	
1491091415	SMP	1	946.15	382.47	946.15	382.47	
1491099834	SMP	1	1021.31	396.20	1021.31	396.20	
1491108130	SMP	1	998.97	374.75	998.97	374.75	
1491116428	SMP	1	980.03	380.77	980.03	380.77	
1491124789	SMP	1	944.27	370.44	944.27	370.44	
1491133136	SMP	1	1003.18	348.56	1003.18	348.56	
1491141416	SMP	1	994.65	348.37	994.65	348.37	
1491149832	SMP	1	997.45	359.26	997.45	359.26	
1491158255	SMP	1	1007.36	360.14	1007.36	360.14	
1491166550	SMP	1	990.63	347.69	990.63	347.69	
1491174818	SMP	1	983.64	340.64	983.64	340.64	
1491183177	SMP	1	997.57	327.36	997.57	327.36	
1491191515	SMP	1	994.31	312.61	994.31	312.61	
1491199953	SMP	1	1003.46	289.80	1003.46	289.80	
1491208243	SMP	1	1002.40	342.31	1002.40	342.31	
1491216536	SMP	1	999.74	327.99	999.74	327.99	
1491224943	SMP	1	1001.21	360.02	1001.21	360.02	
1491233187	SMP	1	1000.32	370.32	1000.32	370.32	
1491241552	SMP	1	998.27	377.62	998.27	377.62	
1491249917	SMP	1	1000.91	365.93	1000.91	365.93	
1491258232	SMP	1	999.18	367.79	999.18	367.79	
1491266586	SMP	1	998.76	371.86	998.76	371.86	
1491274937	SMP	1	997.34	314.96	997.34	314.96	
1491283312	SMP	1	1000.59	317.93	1000.59	317.93	
1491291622	SMP	1	1001.11	360.46	1001.11	360.46	
1491299956	SMP	1	1001.46	374.44	1001.46	374.44	
1491308250	SMP	1	1000.97	364.88	1000.97	364.88	
1491316672	SMP	1	1000.69	353.26	1000.69	353.26	
1491325120	SMP	1	1001.76	369.46	1001.76	369.46	
1491333294	SMP	1	1001.61	320.30	1001.61	320.30	
1491341636	SMP	1	1002.52	342.82	1002.52	342.82	
1491350055	SMP	1	1008.48	346.23	1008.48	346.23	
1491358265	SMP	1	1008.00	359.43	1008.00	359.43	
1491366613	SMP	1	1002.69	321.64	1002.69	321.64	
1491375039	SMP	1	1010.83	360.46	1010.83	360.46	
1491383387	SMP	1	1008.88	350.39	1008.88	350.39	
1491391683	SMP	1	1003.24	344.87	1003.24	344.87	
1491400082	SMP	1	1005.49	341.81	1005.49	341.81	
1491408386	SMP	1	1002.18	362.18	1002.18	362.18	
1491416780	SMP	1	998.71	355.73	998.71	355.73	
1491425088	SMP	1	1001.28	326.08	1001.28	326.08	
1491433413	SMP	1	996.02	373.32	996.02	373.32	
1491441776	SMP	1	990.41	319.62	990.41	319.62	
1491450195	SMP	1	1016.04	357.15	1016.04	357.15	
1491458365	SMP	1	1030.43	334.00	1030.43	334.00	
1491466783	SMP	1	1024.18	350.75	1024.18	350.75	
1491475197	SMP	1	1051.11	383.89	1051.11	383.89	
1491483581	SMP	1	997.98	348.48	997.98	348.48	
1491491791	SMP	1	907.19	391.30	907.19	391.30	
1491500199	SMP	1	923.17	401.92	923.17	401.92	
1491508570	SMP	1	1005.50	403.80	1005.50	403.80	
1491516788	SMP	1	990.92	374.79	990.92	374.79	
1491525179	SMP	1	990.64	348.83	990.64	348.83	
1491533551	SMP	1	1031.10	367.09	1031.10	367.09	
1491541909	SMP	1	975.20	366.09	975.20	366.09	
1491550172	SMP	1	1010.48	392.80	1010.48	392.80	
1491558549	SMP	1	900.78	403.06	900.78	403.06	
1491566949	SMP	1	939.86	356.97	939.86	356.97	
1491575287	SMP	1	976.80	344.84	976.80	344.84	
1491583557	SMP	1	976.51	353.68	976.51	353.68	
1491591918	SMP	1	1007.86	376.95	1007.86	376.95	
1491600349	SMP	1	996.80	371.49	996.80	371.49	
1491608643	SMP	1	984.74	345.02	984.74	345.02	
1491616911	SMP	1	894.67	332.56	894.67	332.56	
1491625282	SMP	1	959.62	351.96	959.62	351.96	
1491633704	SMP	1	990.51	382.46	990.51	382.46	
1491641915	SMP	1	959.97	380.34	959.97	380.34	
1491650317	SMP	1	994.47	393.10	994.47	393.10	
1491658648	SMP	1	993.25	368.22	993.25	368.22	
1491667106	SMP	1	1006.63	411.62	1006.63	411.62	
1491675330	SMP	1	1034.81	427.53	1034.81	427.53	
1491683692	SMP	1	1025.47	458.23	1025.47	458.23	
1491691991	SMP	1	1018.85	511.49	1018.85	511.49	
1491700457	SMP	1	1005.60	532.44	1005.60	532.44	
1491708653	SMP	1	1015.27	538.99	1015.27	538.99	
1491717087	SMP	1	1018.74	548.18	1018.74	548.18	
1491725436	SMP	1	1025.77	546.72	1025.77	546.72	
1491733766	SMP	1	1008.28	546.04	1008.28	546.04	
1491742113	SMP	1	1010.81	540.10	1010.81	540.10	
1491750422	SMP	1	1017.72	542.20	1017.72	542.20	
1491758780	SMP	1	1017.94	544.51	1017.94	544.51	
1491766983	SMP	1	1013.14	543.41	1013.14	543.41	
1491775413	SMP	1	1003.75	533.45	1003.75	533.45	
1491783779	SMP	1	998.43	539.71	998.43	539.71	
1491792171	SMP	1	947.71	536.77	947.71	536.77	
1491800510	SMP	1	920.64	543.01	920.64	543.01	
1491808783	SMP	1	996.66	543.71	996.66	543.71	
1491817213	SMP	1	971.97	518.70	971.97	518.70	
1491825574	SMP	1	988.31	514.19	988.31	514.19	
1491833784	SMP	1	1004.06	505.68	1004.06	505.68	
1491842138	SMP	1	988.72	497.84	988.72	497.84	
1491850565	SMP	1	1002.71	513.09	1002.71	513.09	
1491858890	SMP	1	983.90	505.45	983.90	505.45	
1491867125	SMP	1	1002.17	509.59	1002.17	509.59	
1491875568	SMP	1	986.10	497.38	986.10	497.38	
1491883908	SMP	1	985.89	506.45	985.89	506.45	
1491892277	SMP	1	999.84	507.23	999.84	507.23	
1491900569	SMP	1	1046.74	519.71	1046.74	519.71	
1491908944	SMP	1	1019.42	520.91	1019.42	520.91	
1491917260	SMP	1	1013.33	516.35	1013.33	516.35	
1491925549	SMP	1	1018.43	514.29	1018.43	514.29	
1491934002	SMP	1	997.33	515.96	997.33	515.96	
1491942228	SMP	1	998.40	511.90	998.40	511.90	
1491950657	SMP	1	990.34	511.12	990.34	511.12	
1491958935	SMP	1	982.68	519.19	982.68	519.19	
1491967225	SMP	1	982.31	526.66	982.31	526.66	
1491975672	SMP	1	984.48	536.82	984.48	536.82	
1491984111	SMP	1	962.05	525.32	962.05	525.32	
1491992295	SMP	1	957.24	522.92	957.24	522.92	
1492000663	SMP	1	947.27	519.85	947.27	519.85	
1492009039	SMP	1	1073.14	529.69	1073.14	529.69	
1492017396	SMP	1	1109.94	529.15	1109.94	529.15	
1492025675	SMP	1	1003.14	508.34	1003.14	508.34	
1492034074	SMP	1	1000.87	488.33	1000.87	488.33	
1492042390	SMP	1	1002.63	486.76	1002.63	486.76	
1492050686	SMP	1	1003.47	474.73	1003.47	474.73	
1492059002	SMP	1	999.30	476.79	999.30	476.79	
1492067399	SMP	1	991.71	493.03	991.71	493.03	
1492075799	SMP	1	993.54	493.84	993.54	493.84	
1492084026	SMP	1	1021.20	515.92	1021.20	515.92	
1492092392	SMP	1	1140.81	546.50	1140.81	546.50	
1492100812	SMP	1	1020.45	499.81	1020.45	499.81	
1492109175	SMP	1	1001.87	518.00	1001.87	518.00	
1492117453	SMP	1	994.97	515.56	994.97	515.56	
1492125804	SMP	1	987.60	519.72	987.60	519.72	
1492134133	SMP	1	975.47	520.43	975.47	520.43	
1492142540	SMP	1	979.11	519.81	979.11	519.81	
1492150787	SMP	1	971.58	520.28	971.58	520.28	
1492159149	SMP	1	966.03	523.31	966.03	523.31	
1492167518	SMP	1	990.64	522.45	990.64	522.45	
1492175813	SMP	1	984.79	518.02	984.79	518.02	
1492184151	SMP	1	990.15	518.40	990.15	518.40	
1492192572	SMP	1	977.66	516.46	977.66	516.46	
1492200919	SMP	1	963.69	516.38	963.69	516.38	
1492209153	SMP	1	933.00	517.28	933.00	517.28	
1492217520	SMP	1	932.76	514.41	932.76	514.41	
1492225941	SMP	1	942.62	520.01	942.62	520.01	
1492234277	SMP	1	942.62	522.30	942.62	522.30	
1492242521	SMP	1	938.03	533.82	938.03	533.82	
1492250932	SMP	1	1000.37	531.37	1000.37	531.37	
1492259277	SMP	1	997.14	533.96	997.14	533.96	
1492267659	SMP	1	994.76	536.94	994.76	536.94	
1492275932	SMP	1	990.57	537.10	990.57	537.10	
1492284282	SMP	1	999.95	537.92	999.95	537.92	
1492292644	SMP	1	998.16	539.19	998.16	539.19	
1492301193	SMP	1	996.94	540.07	996.94	540.07	
1492309315	SMP	1	999.25	538.04	999.25	538.04	
1492317653	SMP	1	1000.66	537.72	1000.66	537.72	
1492326022	SMP	1	992.49	519.54	992.49	519.54	
1492334273	SMP	1	994.09	535.17	994.09	535.17	
1492342635	SMP	1	995.71	531.01	995.71	531.01	
1492351032	SMP	1	995.29	531.75	995.29	531.75	
1492359398	SMP	1	996.34	524.89	996.34	524.89	
1492367625	SMP	1	997.64	518.81	997.64	518.81	
1492376042	SMP	1	992.63	520.97	992.63	520.97	
1492384436	SMP	1	966.00	522.22	966.00	522.22	
1492392747	SMP	1	983.42	518.79	983.42	518.79	
1492401059	SMP	1	1000.03	520.28	1000.03	520.28	
1492409412	SMP	1	999.46	517.97	999.46	517.97	
1492417763	SMP	1	1004.65	516.85	1004.65	516.85	
1492426145	SMP	1	1008.13	512.93	1008.13	512.93	
1492434446	SMP	1	1014.96	505.78	1014.96	505.78	
1492442734	SMP	1	1014.10	507.74	1014.10	507.74	
1492451149	SMP	1	974.51	474.00	974.51	474.00	
1492459371	SMP	1	972.04	497.11	972.04	497.11	
1492467819	SMP	1	967.52	489.05	967.52	489.05	
1492476173	SMP	1	972.52	488.43	972.52	488.43	
1492484547	SMP	1	969.37	476.47	969.37	476.47	
1492492765	SMP	1	962.34	481.68	962.34	481.68	
1492501181	SMP	1	952.88	477.43	952.88	477.43	
1492509512	SMP	1	938.14	469.48	938.14	469.48	
1492517911	SMP	1	927.85	472.91	927.85	472.91	
1492526143	SMP	1	937.16	470.21	937.16	470.21	
1492534500	SMP	1	931.07	464.21	931.07	464.21	
1492542927	SMP	1	942.75	467.18	942.75	467.18	
1492551311	SMP	1	939.61	469.17	939.61	469.17	
1492559531	SMP	1	919.99	469.13	919.99	469.13	
1492567887	SMP	1	914.32	471.72	914.32	471.72	
1492576266	SMP	1	927.09	473.24	927.09	473.24	
1492584526	SMP	1	914.73	459.15	914.73	459.15	
1492592941	SMP	1	921.11	457.97	921.11	457.97	
1492601309	SMP	1	916.61	457.25	916.61	457.25	
1492609673	SMP	1	924.61	450.35	924.61	450.35	
1492617889	SMP	1	924.54	451.82	924.54	451.82	
1492626305	SMP	1	926.51	442.29	926.51	442.29	
1492634645	SMP	1	901.52	439.90	901.52	439.90	
1492642999	SMP	1	924.15	456.94	924.15	456.94	
1492651301	SMP	1	920.32	444.33	920.32	444.33	
1492659640	SMP	1	921.35	442.06	921.35	442.06	
1492667967	SMP	1	913.53	454.66	913.53	454.66	
1492676432	SMP	1	999.59	453.04	999.59	453.04	
1492684626	SMP	1	1104.29	503.38	1104.29	503.38	
1492693016	SMP	1	1139.90	541.38	1139.90	541.38	
1492701378	SMP	1	1139.00	537.71	1139.00	537.71	
1492709798	SMP	1	1156.25	538.19	1156.25	538.19	
1492718033	SMP	1	1159.73	549.16	1159.73	549.16	
1492726410	SMP	1	1163.44	555.17	1163.44	555.17	
1492734748	SMP	1	1124.70	560.87	1124.70	560.87	
1492743011	SMP	1	1118.45	554.92	1118.45	554.92	
1492751415	SMP	1	1141.74	565.42	1141.74	565.42	
1492759768	SMP	1	1144.55	562.25	1144.55	562.25	
1492768127	SMP	1	1160.04	570.19	1160.04	570.19	
1492776402	SMP	1	1147.76	567.60	1147.76	567.60	
1492784813	SMP	1	1141.85	573.63	1141.85	573.63	
1492793139	SMP	1	1141.19	569.86	1141.19	569.86	
1492801549	SMP	1	1110.41	567.61	1110.41	567.61	
1492809776	SMP	1	1094.37	564.29	1094.37	564.29	
1492818166	SMP	1	1109.65	569.52	1109.65	569.52	
1492826498	SMP	1	1082.66	566.48	1082.66	566.48	
1492834933	SMP	1	1096.72	565.59	1096.72	565.59	
1492843107	SMP	1	1107.79	565.88	1107.79	565.88	
1492851506	SMP	1	1111.45	558.74	1111.45	558.74	
1492859912	SMP	1	1124.55	556.41	1124.55	556.41	
1492868210	SMP	1	1133.13	550.03	1133.13	550.03	
1492876541	SMP	1	1114.37	551.84	1114.37	551.84	
1492884893	SMP	1	1113.24	554.10	1113.24	554.10	
1492893254	SMP	1	1123.03	552.36	1123.03	552.36	
1492901519	SMP	1	1127.79	554.24	1127.79	554.24	
1492909964	SMP	1	1132.24	554.40	1132.24	554.40	
1492918283	SMP	1	1133.86	554.84	1133.86	554.84	
1492926663	SMP	1	1145.25	559.52	1145.25	559.52	
1492934886	SMP	1	1138.93	593.19	1138.93	593.19	
1492943302	SMP	1	1144.21	587.95	1144.21	587.95	
1492951664	SMP	1	1137.90	582.86	1137.90	582.86	
1492960011	SMP	1	1143.08	592.92	1143.08	592.92	
1492968222	SMP	1	1145.49	585.51	1145.49	585.51	
1492976660	SMP	1	1142.62	584.37	1142.62	584.37	
1492985036	SMP	1	1143.09	576.65	1143.09	576.65	
1492993435	SMP	1	1141.56	574.54	1141.56	574.54	
1493001677	SMP	1	1137.93	597.99	1137.93	597.99	
1493010035	SMP	1	1134.72	575.12	1134.72	575.12	
1493018344	SMP	1	1142.80	573.87	1142.80	573.87	
1493026672	SMP	1	1136.46	577.07	1136.46	577.07	
1493035012	SMP	1	1137.30	584.21	1137.30	584.21	
1493043338	SMP	1	1126.91	581.86	1126.91	581.86	
1493051796	SMP	1	1131.86	580.73	1131.86	580.73	
1493060016	SMP	1	1123.98	573.58	1123.98	573.58	
1493068363	SMP	1	1118.78	573.72	1118.78	573.72	
1493076791	SMP	1	1113.09	573.74	1113.09	573.74	
1493085168	SMP	1	1108.61	574.03	1108.61	574.03	
1493093377	SMP	1	1117.16	576.15	1117.16	576.15	
1493101798	SMP	1	1119.04	585.15	1119.04	585.15	
1493110166	SMP	1	1113.55	589.29	1113.55	589.29	
1493118491	SMP	1	1105.76	585.33	1105.76	585.33	
1493126772	SMP	1	1090.97	581.63	1090.97	581.63	
1493135096	SMP	1	1096.11	587.80	1096.11	587.80	
1493143459	SMP	1	1104.52	595.84	1104.52	595.84	
1493151775	SMP	1	1108.43	593.81	1108.43	593.81	
1493160138	SMP	1	1102.73	586.60	1102.73	586.60	
1493168458	SMP	1	1097.07	579.59	1097.07	579.59	
1493176916	SMP	1	1088.14	597.40	1088.14	597.40	
1493185181	SMP	1	1110.50	585.78	1110.50	585.78	
1493193504	SMP	1	1105.98	578.48	1105.98	578.48	
1493201889	SMP	1	1106.45	578.75	1106.45	578.75	
1493210251	SMP	1	1110.20	579.66	1110.20	579.66	
1493218506	SMP	1	1114.67	577.39	1114.67	577.39	
1493226885	SMP	1	1115.80	577.86	1115.80	577.86	
1493235302	SMP	1	1083.79	573.73	1083.79	573.73	
1493243630	SMP	1	1073.06	568.13	1073.06	568.13	
1493251916	SMP	1	1085.58	570.16	1085.58	570.16	
1493260248	SMP	1	1076.25	576.50	1076.25	576.50	
1493268632	SMP	1	1074.02	577.32	1074.02	577.32	
1493276915	SMP	1	1070.49	576.50	1070.49	576.50	
1493285261	SMP	1	1063.61	584.24	1063.61	584.24	
1493293589	SMP	1	1087.20	589.01	1087.20	589.01	
1493302040	SMP	1	1097.11	590.53	1097.11	590.53	
1493310284	SMP	1	1074.30	587.01	1074.30	587.01	
1493318633	SMP	1	1069.08	579.98	1069.08	579.98	
1493327110	SMP	1	1079.63	579.45	1079.63	579.45	
1493335367	SMP	1	1079.33	574.74	1079.33	574.74	
1493343672	SMP	1	1081.96	584.08	1081.96	584.08	
1493352049	SMP	1	1085.31	578.77	1085.31	578.77	
1493360400	SMP	1	1084.76	582.75	1084.76	582.75	
1493368751	SMP	1	1085.85	579.10	1085.85	579.10	
1493377022	SMP	1	1088.70	573.80	1088.70	573.80	
1493385374	SMP	1	1090.44	571.73	1090.44	571.73	
1493393798	SMP	1	1087.83	564.73	1087.83	564.73	
1493402150	SMP	1	1086.39	581.15	1086.39	581.15	
1493410402	SMP	1	1091.28	608.91	1091.28	608.91	
1493418704	SMP	1	1089.81	588.99	1089.81	588.99	
1493427137	SMP	1	1092.16	603.05	1092.16	603.05	
1493435378	SMP	1	1092.06	582.33	1092.06	582.33	
1493443764	SMP	1	1086.71	582.57	1086.71	582.57	
1493452130	SMP	1	1094.07	587.94	1094.07	587.94	
1493460514	SMP	1	1091.16	568.76	1091.16	568.76	
1493468745	SMP	1	1100.09	585.20	1100.09	585.20	
1493477245	SMP	1	1099.19	598.69	1099.19	598.69	
1493485537	SMP	1	1090.70	592.39	1090.70	592.39	
1493493872	SMP	1	1098.76	589.44	1098.76	589.44	
1493502131	SMP	1	1091.24	578.22	1091.24	578.22	
1493510572	SMP	1	1101.10	570.48	1101.10	570.48	
1493518894	SMP	1	1093.44	589.57	1093.44	589.57	
1493527200	SMP	1	1088.24	605.20	1088.24	605.20	
1493535485	SMP	1	1088.74	593.86	1088.74	593.86	
1493543836	SMP	1	1100.76	592.62	1100.76	592.62	
1493552297	SMP	1	1079.60	591.51	1079.60	591.51	
1493560501	SMP	1	1085.37	595.64	1085.37	595.64	
1493568908	SMP	1	1249.25	629.40	1249.25	629.40	
1493577216	SMP	1	1231.49	919.51	1231.49	919.51	
1493585671	SMP	1	0.00	0.00	0.00	0.00	
1493593883	SMP	1	0.00	0.00	0.00	0.00	
1493602282	SMP	1	0.00	0.00	0.00	0.00	
1493610692	SMP	1	0.00	0.00	0.00	0.00	
1493619000	SMP	1	0.00	0.00	0.00	0.00	
1493627203	SMP	1	0.00	0.00	0.00	0.00	
1493635669	SMP	1	0.00	0.00	0.00	0.00	
1493644010	SMP	1	0.00	0.00	0.00	0.00	
1493652372	SMP	1	0.00	0.00	0.00	0.00	
1493660619	SMP	1	0.00	0.00	0.00	0.00	
1493669019	SMP	1	0.00	0.00	0.00	0.00	
1493677362	SMP	1	0.00	0.00	0.00	0.00	
1493685641	SMP	1	0.00	0.00	0.00	0.00	
1493693999	SMP	1	0.00	0.00	0.00	0.00	
1493702378	SMP	1	0.00	0.00	0.00	0.00	
1493710780	SMP	1	0.00	0.00	0.00	0.00	
1493719038	SMP	1	0.00	0.00	0.00	0.00	
1493727393	SMP	1	0.00	0.00	0.00	0.00	
1493735758	SMP	1	0.00	0.00	0.00	0.00	
1493744129	SMP	1	0.00	0.00	0.00	0.00	
1493752411	SMP	1	0.00	0.00	0.00	0.00	
1493760746	SMP	1	1715.61	1149.24	1715.61	1149.24	
1493769080	SMP	1	809.94	633.91	809.94	633.91	
1493777500	SMP	1	841.68	636.74	841.68	636.74	
1493785742	SMP	1	941.59	521.02	941.59	521.02	
1493794136	SMP	1	1027.64	557.03	1027.64	557.03	
1493802541	SMP	1	1101.50	544.06	1101.50	544.06	
1493810883	SMP	1	1013.12	493.10	1013.12	493.10	
1493819130	SMP	1	984.12	531.42	984.12	531.42	
1493827487	SMP	1	985.12	503.40	985.12	503.40	
1493835905	SMP	1	991.32	495.69	991.32	495.69	
1493844103	SMP	1	985.07	484.81	985.07	484.81	
1493852526	SMP	1	1112.06	552.72	1112.06	552.72	
1493860887	SMP	1	1099.45	555.70	1099.45	555.70	
1493869226	SMP	1	1099.75	549.63	1099.75	549.63	
1493877528	SMP	1	1102.88	554.98	1102.88	554.98	
1493885894	SMP	1	1093.58	551.96	1093.58	551.96	
1493894247	SMP	1	1099.28	568.64	1099.28	568.64	
1493902650	SMP	1	1094.62	567.10	1094.62	567.10	
1493910892	SMP	1	1089.67	561.58	1089.67	561.58	
1493919223	SMP	1	1023.14	529.77	1023.14	529.77	
1493927640	SMP	1	1009.71	554.82	1009.71	554.82	
1493936000	SMP	1	1002.42	559.03	1002.42	559.03	
1493944240	SMP	1	994.27	550.82	994.27	550.82	
1493952666	SMP	1	990.24	550.89	990.24	550.89	
1493960993	SMP	1	984.95	539.17	984.95	539.17	
1493969243	SMP	1	991.76	529.83	991.76	529.83	
1493977640	SMP	1	989.38	527.74	989.38	527.74	
1493986040	SMP	1	987.84	539.78	987.84	539.78	
1493994381	SMP	1	989.92	561.22	989.92	561.22	
1494002657	SMP	1	982.33	539.99	982.33	539.99	
1494010990	SMP	1	981.42	533.88	981.42	533.88	
1494019334	SMP	1	984.34	519.60	984.34	519.60	
1494027732	SMP	1	980.09	523.09	980.09	523.09	
1494036039	SMP	1	982.12	524.93	982.12	524.93	
1494044386	SMP	1	983.45	538.69	983.45	538.69	
1494052779	SMP	1	977.32	536.60	977.32	536.60	
1494061076	SMP	1	985.97	526.36	985.97	526.36	
1494069414	SMP	1	987.64	531.35	987.64	531.35	
1494077745	SMP	1	987.35	558.13	987.35	558.13	
1494086121	SMP	1	991.25	544.51	991.25	544.51	
1494094365	SMP	1	997.62	537.58	997.62	537.58	
1494102783	SMP	1	997.55	532.89	997.55	532.89	
1494111153	SMP	1	998.77	542.25	998.77	542.25	
1494119476	SMP	1	1006.96	556.69	1006.96	556.69	
1494127763	SMP	1	991.31	555.81	991.31	555.81	
1494136062	SMP	1	1005.53	555.22	1005.53	555.22	
1494144535	SMP	1	1008.65	570.66	1008.65	570.66	
1494152876	SMP	1	1005.08	537.92	1005.08	537.92	
1494161112	SMP	1	1012.24	551.81	1012.24	551.81	
1494169458	SMP	1	1013.56	557.94	1013.56	557.94	
1494177896	SMP	1	1007.04	564.49	1007.04	564.49	
1494186255	SMP	1	1010.24	555.41	1010.24	555.41	
1494194535	SMP	1	1007.12	565.22	1007.12	565.22	
1494202884	SMP	1	918.55	387.17	918.55	387.17	
1494211204	SMP	1	899.15	320.95	899.15	320.95	
1494219617	SMP	1	905.17	359.84	905.17	359.84	
1494227858	SMP	1	903.64	190.03	903.64	190.03	
1494236304	SMP	1	905.96	292.72	905.96	292.72	
1494244615	SMP	1	850.04	319.18	850.04	319.18	
1494253057	SMP	1	912.52	466.31	912.52	466.31	
1494261235	SMP	1	884.99	467.35	884.99	467.35	
1494269582	SMP	1	895.68	289.33	895.68	289.33	
1494278018	SMP	1	899.30	277.02	899.30	277.02	
1494286243	SMP	1	991.93	517.81	991.93	517.81	
1494294567	SMP	1	901.64	525.92	901.64	525.92	
1494303018	SMP	1	971.65	491.77	971.65	491.77	
1494311400	SMP	1	970.82	511.11	970.82	511.11	
1494319599	SMP	1	967.41	542.86	967.41	542.86	
1494328056	SMP	1	936.47	548.56	936.47	548.56	
1494336358	SMP	1	959.34	490.70	959.34	490.70	
1494344726	SMP	1	980.34	521.43	980.34	521.43	
1494353034	SMP	1	979.45	511.44	979.45	511.44	
1494361397	SMP	1	983.00	531.45	983.00	531.45	
1494369742	SMP	1	954.34	536.57	954.34	536.57	
1494378124	SMP	1	970.08	500.52	970.08	500.52	
1494386398	SMP	1	986.79	498.92	986.79	498.92	
1494394738	SMP	1	1069.93	709.69	1069.93	709.69	
1494403148	SMP	1	980.62	515.36	980.62	515.36	
1494411361	SMP	1	975.89	513.02	975.89	513.02	
1494419709	SMP	1	994.87	501.14	994.87	501.14	
1494428148	SMP	1	1020.04	652.48	1020.04	652.48	
1494436524	SMP	1	978.97	523.05	978.97	523.05	
1494444795	SMP	1	962.92	531.51	962.92	531.51	
1494453155	SMP	1	953.36	521.50	953.36	521.50	
