## [BeGaze]
## Converted from:	C:\Program Files\SMI\Experiment Suite 360\Experiment Center 2\Results\cogaid_rapidRead_1_8\P06-eye_data.idf
## Date:	28.03.2013 15:01:04
## Version:	BeGaze 3.2.28
## IDF Version:	9
## Sample Rate:	120
## Separator Type:	Msg
## Trial Count:	1
## Uses Plane File:	False
## Number of Samples:	783
## Reversed:	none
## [Run]
## Subject:	P06
## Description:	Run1
## [Calibration]
## Calibration Type:	5-point
## Calibration Area:	1680	1050
## Calibration Point 0:	Position(840;525)
## Calibration Point 1:	Position(420;105)
## Calibration Point 2:	Position(1512;262)
## Calibration Point 3:	Position(1260;945)
## Calibration Point 4:	Position(167;787)
## [Geometry]
## Stimulus Dimension [mm]:	474	297
## Head Distance [mm]:	700
## [Hardware Setup]
## System ID:	IVR-X-1140-06110-SMU
## Operating System :	5.1
## IView X Version:	2.7.13
## [Filter Settings]
## Heuristics:	False
## Heuristics Stage:	0
## Bilateral:	True
## Gaze Cursor Filter:	True
## Saccade Length [px]:	80
## Filter Depth [ms]:	20
## Format:	LEFT, RIGHT, POR
##
Time	Type	Trial	L POR X [px]	L POR Y [px]	R POR X [px]	R POR Y [px]
1497339333	SMP	1	834.98	566.09	834.98	566.09	
1497347703	SMP	1	798.34	423.12	798.34	423.12	
1497356094	SMP	1	832.98	559.08	832.98	559.08	
1497364457	SMP	1	806.70	435.11	806.70	435.11	
1497372728	SMP	1	807.56	451.61	807.56	451.61	
1497381070	SMP	1	810.29	444.35	810.29	444.35	
1497389510	SMP	1	834.14	445.00	834.14	445.00	
1497397698	SMP	1	859.09	452.11	859.09	452.11	
1497406078	SMP	1	893.22	458.28	893.22	458.28	
1497414457	SMP	1	881.51	450.86	881.51	450.86	
1497422836	SMP	1	895.85	439.03	895.85	439.03	
1497431074	SMP	1	905.39	455.10	905.39	455.10	
1497439461	SMP	1	859.50	467.14	859.50	467.14	
1497447826	SMP	1	862.96	459.98	862.96	459.98	
1497456212	SMP	1	876.87	479.65	876.87	479.65	
1497464454	SMP	1	847.36	464.49	847.36	464.49	
1497472836	SMP	1	881.75	474.33	881.75	474.33	
1497481214	SMP	1	887.57	443.45	887.57	443.45	
1497489581	SMP	1	889.10	469.42	889.10	469.42	
1497497820	SMP	1	897.90	467.95	897.90	467.95	
1497506199	SMP	1	898.47	479.83	898.47	479.83	
1497514567	SMP	1	900.78	474.21	900.78	474.21	
1497522840	SMP	1	919.87	470.41	919.87	470.41	
1497531189	SMP	1	912.86	471.23	912.86	471.23	
1497539576	SMP	1	958.75	474.48	958.75	474.48	
1497547948	SMP	1	1118.02	638.09	1118.02	638.09	
1497556214	SMP	1	0.00	0.00	0.00	0.00	
1497564583	SMP	1	0.00	0.00	0.00	0.00	
1497572975	SMP	1	0.00	0.00	0.00	0.00	
1497581326	SMP	1	0.00	0.00	0.00	0.00	
1497589564	SMP	1	0.00	0.00	0.00	0.00	
1497598113	SMP	1	0.00	0.00	0.00	0.00	
1497606362	SMP	1	0.00	0.00	0.00	0.00	
1497614736	SMP	1	0.00	0.00	0.00	0.00	
1497622982	SMP	1	0.00	0.00	0.00	0.00	
1497631387	SMP	1	0.00	0.00	0.00	0.00	
1497639757	SMP	1	0.00	0.00	0.00	0.00	
1497647969	SMP	1	0.00	0.00	0.00	0.00	
1497656393	SMP	1	0.00	0.00	0.00	0.00	
1497664751	SMP	1	0.00	0.00	0.00	0.00	
1497673115	SMP	1	0.00	0.00	0.00	0.00	
1497681340	SMP	1	843.25	995.68	843.25	995.68	
1497689694	SMP	1	1019.70	568.68	1019.70	568.68	
1497698171	SMP	1	888.09	533.08	888.09	533.08	
1497706480	SMP	1	905.51	435.80	905.51	435.80	
1497714705	SMP	1	822.42	380.56	822.42	380.56	
1497723405	SMP	1	769.01	405.72	769.01	405.72	
1497731470	SMP	1	798.25	383.56	798.25	383.56	
1497740338	SMP	1	704.05	402.57	704.05	402.57	
1497748145	SMP	1	745.65	414.53	745.65	414.53	
1497756512	SMP	1	714.62	426.66	714.62	426.66	
1497764811	SMP	1	745.75	385.16	745.75	385.16	
1497773225	SMP	1	714.74	421.47	714.74	421.47	
1497781414	SMP	1	734.92	433.26	734.92	433.26	
1497789876	SMP	1	723.08	429.20	723.08	429.20	
1497798183	SMP	1	715.57	433.45	715.57	433.45	
1497806465	SMP	1	724.86	434.71	724.86	434.71	
1497814800	SMP	1	712.98	408.48	712.98	408.48	
1497823221	SMP	1	702.54	433.75	702.54	433.75	
1497831579	SMP	1	722.56	353.79	722.56	353.79	
1497839815	SMP	1	710.73	220.70	710.73	220.70	
1497848143	SMP	1	718.69	109.82	718.69	109.82	
1497856524	SMP	1	723.11	215.11	723.11	215.11	
1497864912	SMP	1	717.87	132.75	717.87	132.75	
1497873209	SMP	1	625.42	111.26	625.42	111.26	
1497881577	SMP	1	627.49	107.57	627.49	107.57	
1497889954	SMP	1	709.56	130.01	709.56	130.01	
1497898247	SMP	1	723.34	152.58	723.34	152.58	
1497906595	SMP	1	721.72	154.57	721.72	154.57	
1497914923	SMP	1	733.50	177.96	733.50	177.96	
1497923300	SMP	1	729.03	178.32	729.03	178.32	
1497931572	SMP	1	695.16	162.64	695.16	162.64	
1497939950	SMP	1	702.95	107.61	702.95	107.61	
1497948253	SMP	1	633.69	181.22	633.69	181.22	
1497956724	SMP	1	704.22	154.09	704.22	154.09	
1497964987	SMP	1	632.96	155.31	632.96	155.31	
1497973308	SMP	1	713.53	148.72	713.53	148.72	
1497982021	SMP	1	709.86	161.77	709.86	161.77	
1497990115	SMP	1	666.28	139.58	666.28	139.58	
1497998297	SMP	1	646.26	132.97	646.26	132.97	
1498006707	SMP	1	709.65	140.53	709.65	140.53	
1498015063	SMP	1	663.62	128.19	663.62	128.19	
1498023419	SMP	1	683.22	136.83	683.22	136.83	
1498031676	SMP	1	746.24	275.83	746.24	275.83	
1498040079	SMP	1	672.52	138.18	672.52	138.18	
1498048430	SMP	1	709.45	92.85	709.45	92.85	
1498056716	SMP	1	711.61	270.84	711.61	270.84	
1498065095	SMP	1	670.58	116.80	670.58	116.80	
1498073386	SMP	1	681.83	91.09	681.83	91.09	
1498081819	SMP	1	629.82	140.45	629.82	140.45	
1498090023	SMP	1	670.66	128.25	670.66	128.25	
1498098376	SMP	1	672.34	130.70	672.34	130.70	
1498106763	SMP	1	632.41	107.36	632.41	107.36	
1498115205	SMP	1	667.30	125.58	667.30	125.58	
1498123426	SMP	1	626.00	111.60	626.00	111.60	
1498131817	SMP	1	666.41	107.36	666.41	107.36	
1498140191	SMP	1	683.67	146.37	683.67	146.37	
1498148576	SMP	1	670.95	93.15	670.95	93.15	
1498156839	SMP	1	691.57	142.09	691.57	142.09	
1498165140	SMP	1	669.53	120.23	669.53	120.23	
1498173540	SMP	1	715.47	128.95	715.47	128.95	
1498181770	SMP	1	633.72	130.93	633.72	130.93	
1498190179	SMP	1	681.73	132.83	681.73	132.83	
1498198571	SMP	1	659.35	143.07	659.35	143.07	
1498206985	SMP	1	671.70	134.03	671.70	134.03	
1498215163	SMP	1	626.52	135.75	626.52	135.75	
1498223570	SMP	1	669.64	129.94	669.64	129.94	
1498231899	SMP	1	657.81	132.21	657.81	132.21	
1498240308	SMP	1	665.13	124.86	665.13	124.86	
1498248537	SMP	1	665.83	132.06	665.83	132.06	
1498256986	SMP	1	749.22	365.11	749.22	365.11	
1498265253	SMP	1	683.48	456.38	683.48	456.38	
1498273710	SMP	1	634.90	152.05	634.90	152.05	
1498281944	SMP	1	673.08	147.21	673.08	147.21	
1498290284	SMP	1	697.52	96.56	697.52	96.56	
1498298691	SMP	1	920.30	130.10	920.30	130.10	
1498307169	SMP	1	924.84	130.62	924.84	130.62	
1498315294	SMP	1	893.19	85.52	893.19	85.52	
1498323661	SMP	1	918.75	153.95	918.75	153.95	
1498332069	SMP	1	894.64	105.35	894.64	105.35	
1498340304	SMP	1	870.28	111.42	870.28	111.42	
1498348695	SMP	1	864.68	111.96	864.68	111.96	
1498357125	SMP	1	847.25	131.06	847.25	131.06	
1498365398	SMP	1	812.72	90.77	812.72	90.77	
1498373661	SMP	1	851.05	88.79	851.05	88.79	
1498382051	SMP	1	868.13	124.60	868.13	124.60	
1498390463	SMP	1	859.78	116.22	859.78	116.22	
1498398794	SMP	1	871.04	132.56	871.04	132.56	
1498407085	SMP	1	842.26	111.72	842.26	111.72	
1498415411	SMP	1	862.27	107.79	862.27	107.79	
1498423800	SMP	1	817.81	122.72	817.81	122.72	
1498432216	SMP	1	815.26	110.30	815.26	110.30	
1498440441	SMP	1	824.66	118.88	824.66	118.88	
1498448790	SMP	1	840.12	115.71	840.12	115.71	
1498457165	SMP	1	849.82	134.77	849.82	134.77	
1498465446	SMP	1	843.98	119.16	843.98	119.16	
1498473790	SMP	1	832.47	114.67	832.47	114.67	
1498482141	SMP	1	854.85	146.98	854.85	146.98	  
1498490536	SMP	1	835.18	132.68	835.18	132.68	
1498498785	SMP	1	816.95	127.39	816.95	127.39	
1498507158	SMP	1	814.45	135.49	814.45	135.49	
1498515576	SMP	1	793.57	129.92	793.57	129.92	
1498523914	SMP	1	808.54	129.52	808.54	129.52	
1498532182	SMP	1	823.75	129.43	823.75	129.43	
1498540581	SMP	1	791.28	135.13	791.28	135.13	
1498548942	SMP	1	806.38	147.18	806.38	147.18	
1498557280	SMP	1	854.50	153.07	854.50	153.07	
1498565515	SMP	1	805.12	191.55	805.12	191.55	
1498573918	SMP	1	778.26	253.89	778.26	253.89	
1498582321	SMP	1	795.14	408.27	795.14	408.27	
1498590679	SMP	1	812.32	294.24	812.32	294.24	
1498598939	SMP	1	759.71	122.08	759.71	122.08	
1498607307	SMP	1	785.08	143.02	785.08	143.02	
1498615656	SMP	1	732.45	306.38	732.45	306.38	
1498623916	SMP	1	746.96	91.69	746.96	91.69	
1498632313	SMP	1	755.20	279.72	755.20	279.72	
1498640730	SMP	1	753.66	307.54	753.66	307.54	
1498649034	SMP	1	765.60	292.47	765.60	292.47	
1498657318	SMP	1	720.30	254.12	720.30	254.12	
1498665656	SMP	1	717.99	290.90	717.99	290.90	
1498674055	SMP	1	726.44	306.97	726.44	306.97	
1498682435	SMP	1	692.91	259.89	692.91	259.89	
1498690664	SMP	1	737.08	133.01	737.08	133.01	
1498699029	SMP	1	714.66	124.29	714.66	124.29	
1498707456	SMP	1	719.63	133.12	719.63	133.12	
1498715835	SMP	1	730.39	118.68	730.39	118.68	
1498724044	SMP	1	736.16	133.06	736.16	133.06	
1498732391	SMP	1	726.58	121.33	726.58	121.33	
1498740785	SMP	1	861.29	220.87	861.29	220.87	
1498749029	SMP	1	833.02	106.32	833.02	106.32	
1498757457	SMP	1	918.80	142.35	918.80	142.35	
1498765755	SMP	1	915.24	151.86	915.24	151.86	
1498774157	SMP	1	921.36	202.23	921.36	202.23	
1498782425	SMP	1	912.34	110.90	912.34	110.90	
1498790819	SMP	1	910.73	121.26	910.73	121.26	
1498799188	SMP	1	895.94	125.75	895.94	125.75	
1498807541	SMP	1	890.61	123.43	890.61	123.43	
1498815784	SMP	1	853.87	96.39	853.87	96.39	
1498824154	SMP	1	866.30	118.48	866.30	118.48	
1498832573	SMP	1	869.52	88.35	869.52	88.35	
1498840987	SMP	1	867.57	78.45	867.57	78.45	
1498849162	SMP	1	881.69	90.16	881.69	90.16	
1498857518	SMP	1	877.28	68.70	877.28	68.70	
1498865949	SMP	1	871.87	65.37	871.87	65.37	
1498874133	SMP	1	864.21	194.05	864.21	194.05	
1498882554	SMP	1	871.11	63.23	871.11	63.23	
1498890917	SMP	1	859.41	55.38	859.41	55.38	
1498899273	SMP	1	855.06	41.69	855.06	41.69	
1498907563	SMP	1	868.69	49.67	868.69	49.67	
1498915939	SMP	1	871.79	147.06	871.79	147.06	
1498924325	SMP	1	886.48	177.13	886.48	177.13	
1498932662	SMP	1	879.14	153.98	879.14	153.98	
1498940911	SMP	1	896.85	198.39	896.85	198.39	
1498949315	SMP	1	906.12	49.36	906.12	49.36	
1498957699	SMP	1	918.43	82.95	918.43	82.95	
1498966035	SMP	1	931.21	126.42	931.21	126.42	
1498974279	SMP	1	936.47	61.31	936.47	61.31	
1498982656	SMP	1	935.69	106.88	935.69	106.88	
1498991049	SMP	1	938.44	78.83	938.44	78.83	
1498999421	SMP	1	942.25	221.63	942.25	221.63	
1499007689	SMP	1	934.65	74.70	934.65	74.70	
1499016044	SMP	1	925.64	91.31	925.64	91.31	
1499024421	SMP	1	931.16	100.79	931.16	100.79	
1499032683	SMP	1	927.88	99.95	927.88	99.95	
1499041038	SMP	1	916.48	111.96	916.48	111.96	
1499049421	SMP	1	930.76	103.77	930.76	103.77	
1499057759	SMP	1	848.33	79.94	848.33	79.94	
1499066022	SMP	1	852.45	108.17	852.45	108.17	
1499074444	SMP	1	845.11	90.93	845.11	90.93	
1499082824	SMP	1	839.77	100.84	839.77	100.84	
1499091165	SMP	1	837.78	114.14	837.78	114.14	
1499099400	SMP	1	838.25	110.74	838.25	110.74	
1499107795	SMP	1	843.58	97.99	843.58	97.99	
1499116153	SMP	1	842.13	116.75	842.13	116.75	
1499124525	SMP	1	836.70	110.90	836.70	110.90	
1499132909	SMP	1	831.11	101.91	831.11	101.91	
1499141170	SMP	1	831.50	101.21	831.50	101.21	
1499149509	SMP	1	829.65	114.64	829.65	114.64	
1499157825	SMP	1	827.88	91.60	827.88	91.60	
1499166140	SMP	1	830.88	86.29	830.88	86.29	
1499174563	SMP	1	831.71	89.47	831.71	89.47	
1499182933	SMP	1	704.42	134.93	704.42	134.93	
1499191174	SMP	1	809.78	75.97	809.78	75.97	
1499199547	SMP	1	804.29	71.14	804.29	71.14	
1499207975	SMP	1	819.87	104.48	819.87	104.48	
1499216273	SMP	1	826.75	76.39	826.75	76.39	
1499224528	SMP	1	822.51	75.46	822.51	75.46	
1499232909	SMP	1	823.55	82.35	823.55	82.35	
1499241266	SMP	1	818.73	81.19	818.73	81.19	
1499249651	SMP	1	813.51	80.71	813.51	80.71	
1499258035	SMP	1	821.08	102.20	821.08	102.20	
1499266318	SMP	1	821.03	94.10	821.03	94.10	
1499274643	SMP	1	821.35	93.50	821.35	93.50	
1499282925	SMP	1	818.29	102.21	818.29	102.21	
1499291275	SMP	1	826.79	158.28	826.79	158.28	
1499299661	SMP	1	830.59	183.69	830.59	183.69	
1499308047	SMP	1	828.62	140.42	828.62	140.42	
1499316307	SMP	1	831.64	189.84	831.64	189.84	
1499324661	SMP	1	838.55	109.47	838.55	109.47	
1499333048	SMP	1	835.37	142.40	835.37	142.40	
1499341400	SMP	1	832.77	129.30	832.77	129.30	
1499349685	SMP	1	841.94	118.66	841.94	118.66	
1499358000	SMP	1	845.18	150.89	845.18	150.89	
1499366386	SMP	1	850.02	142.26	850.02	142.26	
1499374766	SMP	1	849.89	148.23	849.89	148.23	
1499383049	SMP	1	846.37	146.15	846.37	146.15	
1499391419	SMP	1	850.90	152.08	850.90	152.08	
1499399783	SMP	1	847.14	145.59	847.14	145.59	
1499408152	SMP	1	859.63	147.87	859.63	147.87	
1499416389	SMP	1	844.56	112.83	844.56	112.83	
1499424827	SMP	1	849.14	90.53	849.14	90.53	
1499433151	SMP	1	855.94	149.62	855.94	149.62	
1499441403	SMP	1	832.00	127.76	832.00	127.76	
1499449773	SMP	1	860.12	128.99	860.12	128.99	
1499458151	SMP	1	835.46	110.64	835.46	110.64	
1499466486	SMP	1	839.64	108.65	839.64	108.65	
1499474806	SMP	1	877.42	165.74	877.42	165.74	
1499483117	SMP	1	855.50	253.96	855.50	253.96	
1499491525	SMP	1	865.80	201.72	865.80	201.72	
1499499892	SMP	1	861.25	220.34	861.25	220.34	
1499508171	SMP	1	870.16	214.41	870.16	214.41	
1499516533	SMP	1	863.74	197.18	863.74	197.18	
1499524899	SMP	1	867.59	216.76	867.59	216.76	
1499533282	SMP	1	871.75	218.81	871.75	218.81	
1499541519	SMP	1	864.57	154.88	864.57	154.88	
1499549919	SMP	1	862.98	209.31	862.98	209.31	
1499558267	SMP	1	860.37	203.58	860.37	203.58	
1499566470	SMP	1	866.44	199.09	866.44	199.09	
1499574889	SMP	1	843.82	179.53	843.82	179.53	
1499583284	SMP	1	861.09	179.71	861.09	179.71	
1499591689	SMP	1	858.14	183.21	858.14	183.21	
1499599892	SMP	1	867.72	203.47	867.72	203.47	
1499608243	SMP	1	858.41	168.60	858.41	168.60	
1499616639	SMP	1	859.61	179.03	859.61	179.03	
1499625013	SMP	1	857.90	186.91	857.90	186.91	
1499633304	SMP	1	869.00	194.58	869.00	194.58	
1499641684	SMP	1	855.02	190.23	855.02	190.23	
1499650030	SMP	1	866.15	168.93	866.15	168.93	
1499658425	SMP	1	866.41	195.84	866.41	195.84	
1499666674	SMP	1	867.46	199.27	867.46	199.27	
1499675070	SMP	1	866.62	194.08	866.62	194.08	
1499683414	SMP	1	863.75	195.03	863.75	195.03	
1499691638	SMP	1	863.73	192.80	863.73	192.80	
1499700011	SMP	1	859.66	229.96	859.66	229.96	
1499708428	SMP	1	864.04	193.34	864.04	193.34	
1499716819	SMP	1	858.48	177.76	858.48	177.76	
1499724986	SMP	1	865.51	167.33	865.51	167.33	
1499733400	SMP	1	868.26	169.97	868.26	169.97	
1499741771	SMP	1	868.78	122.59	868.78	122.59	
1499750154	SMP	1	869.96	158.74	869.96	158.74	
1499758433	SMP	1	874.01	171.79	874.01	171.79	
1499766762	SMP	1	878.86	177.31	878.86	177.31	
1499775144	SMP	1	880.23	199.81	880.23	199.81	
1499783588	SMP	1	884.96	185.11	884.96	185.11	
1499791822	SMP	1	883.85	190.22	883.85	190.22	
1499800186	SMP	1	885.82	202.80	885.82	202.80	
1499808550	SMP	1	883.63	197.05	883.63	197.05	
1499816918	SMP	1	878.96	200.16	878.96	200.16	
1499825196	SMP	1	888.29	190.16	888.29	190.16	
1499833544	SMP	1	887.51	188.07	887.51	188.07	
1499841863	SMP	1	872.40	173.42	872.40	173.42	
1499850149	SMP	1	883.91	203.37	883.91	203.37	
1499858482	SMP	1	891.99	197.43	891.99	197.43	
1499866880	SMP	1	881.04	189.60	881.04	189.60	
1499875315	SMP	1	876.60	190.82	876.60	190.82	
1499883542	SMP	1	891.93	232.19	891.93	232.19	
1499891909	SMP	1	993.46	291.16	993.46	291.16	
1499900261	SMP	1	1039.17	311.21	1039.17	311.21	
1499908687	SMP	1	1013.83	295.95	1013.83	295.95	
1499917119	SMP	1	1021.00	299.57	1021.00	299.57	
1499925284	SMP	1	1009.82	310.99	1009.82	310.99	
1499933634	SMP	1	1000.37	286.05	1000.37	286.05	
1499942006	SMP	1	1019.48	316.99	1019.48	316.99	
1499950292	SMP	1	1009.44	336.62	1009.44	336.62	
1499958683	SMP	1	1009.76	321.29	1009.76	321.29	
1499967062	SMP	1	1000.82	288.94	1000.82	288.94	
1499975260	SMP	1	1003.28	294.74	1003.28	294.74	
1499983665	SMP	1	1005.31	293.83	1005.31	293.83	
1499992027	SMP	1	998.78	275.67	998.78	275.67	
1500000390	SMP	1	1001.03	277.80	1001.03	277.80	
1500008675	SMP	1	1003.68	274.39	1003.68	274.39	
1500017061	SMP	1	1005.68	287.76	1005.68	287.76	
1500025383	SMP	1	1014.73	349.03	1014.73	349.03	
1500033802	SMP	1	1010.48	378.59	1010.48	378.59	
1500042021	SMP	1	1008.28	393.54	1008.28	393.54	
1500050418	SMP	1	953.17	384.17	953.17	384.17	
1500058774	SMP	1	994.09	302.72	994.09	302.72	
1500067129	SMP	1	995.60	319.90	995.60	319.90	
1500075392	SMP	1	1004.27	326.08	1004.27	326.08	
1500083780	SMP	1	985.81	304.00	985.81	304.00	
1500092144	SMP	1	925.51	314.25	925.51	314.25	
1500100515	SMP	1	920.49	337.38	920.49	337.38	
1500108769	SMP	1	920.52	356.43	920.52	356.43	
1500117139	SMP	1	909.71	341.67	909.71	341.67	
1500125522	SMP	1	915.02	365.91	915.02	365.91	
1500133780	SMP	1	909.19	354.42	909.19	354.42	
1500142163	SMP	1	925.21	353.07	925.21	353.07	
1500150526	SMP	1	903.17	345.87	903.17	345.87	
1500158923	SMP	1	900.29	341.93	900.29	341.93	
1500167085	SMP	1	892.57	314.95	892.57	314.95	
1500175534	SMP	1	893.52	322.89	893.52	322.89	
1500183880	SMP	1	900.76	337.46	900.76	337.46	
1500192307	SMP	1	908.70	344.25	908.70	344.25	
1500200513	SMP	1	899.27	342.97	899.27	342.97	
1500208924	SMP	1	910.10	348.05	910.10	348.05	
1500217275	SMP	1	906.98	344.26	906.98	344.26	
1500225665	SMP	1	900.75	336.85	900.75	336.85	
1500233898	SMP	1	901.63	337.57	901.63	337.57	
1500242223	SMP	1	897.91	338.67	897.91	338.67	
1500250681	SMP	1	895.94	344.46	895.94	344.46	
1500258881	SMP	1	905.76	350.12	905.76	350.12	
1500267257	SMP	1	906.74	352.31	906.74	352.31	
1500275642	SMP	1	905.79	351.34	905.79	351.34	
1500284053	SMP	1	906.20	357.79	906.20	357.79	
1500292261	SMP	1	909.41	354.63	909.41	354.63	
1500300639	SMP	1	904.69	358.20	904.69	358.20	
1500309049	SMP	1	912.99	334.59	912.99	334.59	
1500317384	SMP	1	907.10	327.75	907.10	327.75	
1500325628	SMP	1	907.22	315.85	907.22	315.85	
1500333984	SMP	1	906.71	264.84	906.71	264.84	
1500342384	SMP	1	908.91	250.81	908.91	250.81	
1500350785	SMP	1	906.76	244.73	906.76	244.73	
1500359038	SMP	1	918.30	288.75	918.30	288.75	
1500367372	SMP	1	912.31	286.05	912.31	286.05	
1500375750	SMP	1	920.97	292.89	920.97	292.89	
1500384045	SMP	1	909.52	251.93	909.52	251.93	
1500392422	SMP	1	932.62	297.41	932.62	297.41	
1500400760	SMP	1	925.04	290.68	925.04	290.68	
1500409177	SMP	1	920.82	299.52	920.82	299.52	
1500417376	SMP	1	918.45	268.13	918.45	268.13	
1500425772	SMP	1	907.18	238.96	907.18	238.96	
1500434167	SMP	1	924.95	269.84	924.95	269.84	
1500442493	SMP	1	911.64	271.21	911.64	271.21	
1500450793	SMP	1	917.08	295.34	917.08	295.34	
1500459156	SMP	1	897.58	296.20	897.58	296.20	
1500467532	SMP	1	901.36	293.99	901.36	293.99	
1500475920	SMP	1	897.71	292.22	897.71	292.22	
1500484143	SMP	1	894.90	274.37	894.90	274.37	
1500492502	SMP	1	880.28	271.73	880.28	271.73	
1500500874	SMP	1	894.88	299.93	894.88	299.93	
1500509145	SMP	1	893.41	268.71	893.41	268.71	
1500517555	SMP	1	895.62	310.13	895.62	310.13	
1500525914	SMP	1	869.03	303.71	869.03	303.71	
1500534236	SMP	1	778.27	296.28	778.27	296.28	
1500542860	SMP	1	757.24	278.87	757.24	278.87	
1500550908	SMP	1	754.30	282.24	754.30	282.24	
1500559259	SMP	1	752.46	286.42	752.46	286.42	
1500567621	SMP	1	776.59	300.03	776.59	300.03	
1500575876	SMP	1	766.29	293.52	766.29	293.52	
1500584281	SMP	1	771.17	310.46	771.17	310.46	
1500592674	SMP	1	777.43	306.81	777.43	306.81	
1500601003	SMP	1	785.31	318.41	785.31	318.41	
1500609269	SMP	1	789.17	315.80	789.17	315.80	
1500617619	SMP	1	788.46	294.70	788.46	294.70	
1500626035	SMP	1	786.64	285.89	786.64	285.89	
1500634402	SMP	1	791.76	281.71	791.76	281.71	
1500642622	SMP	1	795.05	278.52	795.05	278.52	
1500650998	SMP	1	799.01	281.08	799.01	281.08	
1500659416	SMP	1	802.16	296.83	802.16	296.83	
1500667599	SMP	1	803.20	302.49	803.20	302.49	
1500676011	SMP	1	808.72	275.86	808.72	275.86	
1500684380	SMP	1	811.47	271.59	811.47	271.59	
1500692745	SMP	1	812.02	264.60	812.02	264.60	
1500700992	SMP	1	806.50	269.31	806.50	269.31	
1500709424	SMP	1	807.57	267.26	807.57	267.26	
1500717766	SMP	1	809.06	280.52	809.06	280.52	
1500726121	SMP	1	806.37	273.25	806.37	273.25	
1500734342	SMP	1	807.48	269.57	807.48	269.57	
1500742767	SMP	1	802.65	265.51	802.65	265.51	
1500751163	SMP	1	804.64	269.74	804.64	269.74	
1500759542	SMP	1	799.32	273.67	799.32	273.67	
1500767749	SMP	1	798.70	276.53	798.70	276.53	
1500776125	SMP	1	797.30	277.33	797.30	277.33	
1500784536	SMP	1	790.12	289.43	790.12	289.43	
1500792754	SMP	1	792.97	307.66	792.97	307.66	
1500801138	SMP	1	781.76	320.76	781.76	320.76	
1500809510	SMP	1	777.46	338.37	777.46	338.37	
1500817941	SMP	1	773.30	361.44	773.30	361.44	
1500826128	SMP	1	771.46	370.50	771.46	370.50	
1500834535	SMP	1	769.78	358.53	769.78	358.53	
1500842873	SMP	1	768.21	373.28	768.21	373.28	
1500851266	SMP	1	765.27	388.52	765.27	388.52	
1500859506	SMP	1	761.53	379.29	761.53	379.29	
1500867949	SMP	1	758.45	373.38	758.45	373.38	
1500876256	SMP	1	751.15	374.07	751.15	374.07	
1500884642	SMP	1	757.94	378.24	757.94	378.24	
1500892987	SMP	1	756.64	383.11	756.64	383.11	
1500901244	SMP	1	758.12	388.71	758.12	388.71	
1500909663	SMP	1	758.53	385.14	758.53	385.14	
1500918008	SMP	1	760.98	390.22	760.98	390.22	
1500926268	SMP	1	762.40	392.85	762.40	392.85	
1500934583	SMP	1	760.98	391.77	760.98	391.77	
1500943030	SMP	1	770.54	387.60	770.54	387.60	
1500951220	SMP	1	760.14	386.50	760.14	386.50	
1500959659	SMP	1	751.12	391.04	751.12	391.04	
1500968082	SMP	1	756.39	396.66	756.39	396.66	
1500976367	SMP	1	747.90	406.63	747.90	406.63	
1500984645	SMP	1	728.51	415.66	728.51	415.66	
1500993037	SMP	1	714.96	434.32	714.96	434.32	
1501001368	SMP	1	701.67	431.56	701.67	431.56	
1501009774	SMP	1	733.28	436.03	733.28	436.03	
1501018001	SMP	1	735.35	441.46	735.35	441.46	
1501026403	SMP	1	733.01	446.86	733.01	446.86	
1501034771	SMP	1	734.40	448.28	734.40	448.28	
1501043106	SMP	1	724.39	437.77	724.39	437.77	
1501051367	SMP	1	722.30	445.56	722.30	445.56	
1501059753	SMP	1	730.33	448.83	730.33	448.83	
1501068062	SMP	1	730.27	451.19	730.27	451.19	
1501076414	SMP	1	728.59	452.34	728.59	452.34	
1501084951	SMP	1	720.30	450.54	720.30	450.54	
1501093132	SMP	1	720.94	453.54	720.94	453.54	
1501101509	SMP	1	716.98	448.14	716.98	448.14	
1501109791	SMP	1	748.96	464.21	748.96	464.21	
1501118081	SMP	1	851.29	456.41	851.29	456.41	
1501126505	SMP	1	951.35	463.73	951.35	463.73	
1501134856	SMP	1	988.66	470.25	988.66	470.25	
1501143120	SMP	1	980.11	471.62	980.11	471.62	
1501151514	SMP	1	971.00	483.10	971.00	483.10	
1501159910	SMP	1	969.58	499.12	969.58	499.12	
1501168257	SMP	1	973.86	489.01	973.86	489.01	
1501176520	SMP	1	973.58	497.01	973.58	497.01	
1501184912	SMP	1	971.94	492.65	971.94	492.65	
1501193250	SMP	1	971.46	503.01	971.46	503.01	
1501201486	SMP	1	972.16	503.11	972.16	503.11	
1501209904	SMP	1	972.13	500.66	972.13	500.66	
1501218206	SMP	1	979.19	494.83	979.19	494.83	
1501226590	SMP	1	981.15	491.17	981.15	491.17	
1501234900	SMP	1	983.14	490.32	983.14	490.32	
1501243228	SMP	1	986.20	484.99	986.20	484.99	
1501251639	SMP	1	984.32	479.87	984.32	479.87	
1501259997	SMP	1	984.02	475.01	984.02	475.01	
1501268226	SMP	1	986.34	468.85	986.34	468.85	
1501276615	SMP	1	993.49	453.54	993.49	453.54	
1501284970	SMP	1	993.67	407.04	993.67	407.04	
1501293338	SMP	1	997.58	424.87	997.58	424.87	
1501301616	SMP	1	997.87	414.64	997.87	414.64	
1501310006	SMP	1	998.19	403.02	998.19	403.02	
1501318392	SMP	1	999.76	400.65	999.76	400.65	
1501326738	SMP	1	997.80	399.94	997.80	399.94	
1501334986	SMP	1	999.15	399.06	999.15	399.06	
1501343392	SMP	1	1001.19	397.25	1001.19	397.25	
1501351745	SMP	1	1003.05	400.20	1003.05	400.20	
1501360004	SMP	1	1004.63	400.69	1004.63	400.69	
1501368357	SMP	1	1003.84	393.19	1003.84	393.19	
1501376731	SMP	1	1001.43	389.33	1001.43	389.33	
1501385133	SMP	1	1002.26	393.31	1002.26	393.31	
1501393415	SMP	1	1003.48	393.67	1003.48	393.67	
1501401737	SMP	1	1004.68	397.02	1004.68	397.02	
1501410152	SMP	1	1007.27	399.62	1007.27	399.62	
1501418456	SMP	1	1004.58	402.82	1004.58	402.82	
1501426777	SMP	1	1004.48	405.96	1004.48	405.96	
1501435120	SMP	1	1001.34	401.46	1001.34	401.46	
1501443494	SMP	1	970.97	409.58	970.97	409.58	
1501451856	SMP	1	934.28	421.25	934.28	421.25	
1501460147	SMP	1	885.67	462.55	885.67	462.55	
1501468491	SMP	1	814.24	473.19	814.24	473.19	
1501477020	SMP	1	809.30	479.55	809.30	479.55	
1501485100	SMP	1	816.69	471.91	816.69	471.91	
1501493483	SMP	1	805.12	508.37	805.12	508.37	
1501501863	SMP	1	803.22	509.63	803.22	509.63	
1501510281	SMP	1	804.23	525.10	804.23	525.10	
1501518508	SMP	1	802.67	511.10	802.67	511.10	
1501526965	SMP	1	804.28	531.36	804.28	531.36	
1501535214	SMP	1	800.96	530.46	800.96	530.46	
1501543596	SMP	1	803.45	535.07	803.45	535.07	
1501551867	SMP	1	801.70	535.14	801.70	535.14	
1501560259	SMP	1	801.42	533.75	801.42	533.75	
1501568609	SMP	1	800.79	536.93	800.79	536.93	
1501576995	SMP	1	801.49	538.52	801.49	538.52	
1501585265	SMP	1	801.69	543.80	801.69	543.80	
1501593659	SMP	1	804.53	544.91	804.53	544.91	
1501601988	SMP	1	805.59	544.92	805.59	544.92	
1501610289	SMP	1	813.88	546.11	813.88	546.11	
1501618604	SMP	1	817.06	545.42	817.06	545.42	
1501626977	SMP	1	820.01	545.86	820.01	545.86	
1501635392	SMP	1	823.49	545.55	823.49	545.55	
1501643574	SMP	1	829.39	546.33	829.39	546.33	
1501651976	SMP	1	830.07	545.00	830.07	545.00	
1501660392	SMP	1	831.23	544.77	831.23	544.77	
1501668753	SMP	1	829.34	547.73	829.34	547.73	
1501676997	SMP	1	824.15	552.41	824.15	552.41	
1501685366	SMP	1	818.16	556.83	818.16	556.83	
1501693792	SMP	1	825.72	558.55	825.72	558.55	
1501702095	SMP	1	821.24	559.52	821.24	559.52	
1501710381	SMP	1	794.90	526.57	794.90	526.57	
1501718733	SMP	1	763.50	499.40	763.50	499.40	
1501727079	SMP	1	727.45	483.18	727.45	483.18	
1501735513	SMP	1	717.47	473.24	717.47	473.24	
1501743771	SMP	1	733.89	476.50	733.89	476.50	
1501752089	SMP	1	752.35	465.45	752.35	465.45	
1501760517	SMP	1	747.26	466.07	747.26	466.07	
1501768729	SMP	1	749.47	454.69	749.47	454.69	
1501777048	SMP	1	754.29	455.19	754.29	455.19	
1501785498	SMP	1	752.58	454.48	752.58	454.48	
1501793876	SMP	1	755.55	451.73	755.55	451.73	
1501802117	SMP	1	751.68	458.41	751.68	458.41	
1501810491	SMP	1	753.51	464.14	753.51	464.14	
1501818854	SMP	1	753.00	462.71	753.00	462.71	
1501827274	SMP	1	755.66	466.74	755.66	466.74	
1501835505	SMP	1	751.65	464.71	751.65	464.71	
1501843876	SMP	1	755.00	472.71	755.00	472.71	
1501852229	SMP	1	752.43	475.01	752.43	475.01	
1501860650	SMP	1	750.80	484.75	750.80	484.75	
1501869003	SMP	1	751.65	487.92	751.65	487.92	
1501877276	SMP	1	749.50	493.08	749.50	493.08	
1501885621	SMP	1	748.17	489.40	748.17	489.40	
1501893852	SMP	1	746.95	494.25	746.95	494.25	
1501902237	SMP	1	745.33	496.65	745.33	496.65	
1501910649	SMP	1	744.06	500.62	744.06	500.62	
1501918968	SMP	1	744.95	500.57	744.95	500.57	
1501927230	SMP	1	745.46	501.06	745.46	501.06	
1501935560	SMP	1	745.16	504.61	745.16	504.61	
1501943972	SMP	1	746.23	503.12	746.23	503.12	
1501952399	SMP	1	747.09	502.74	747.09	502.74	
1501960686	SMP	1	747.11	497.62	747.11	497.62	
1501968957	SMP	1	749.95	499.79	749.95	499.79	
1501977347	SMP	1	748.72	499.31	748.72	499.31	
1501985766	SMP	1	748.59	502.33	748.59	502.33	
1501993986	SMP	1	749.25	501.56	749.25	501.56	
1502002347	SMP	1	750.44	499.27	750.44	499.27	
1502010752	SMP	1	751.63	506.34	751.63	506.34	
1502018979	SMP	1	774.18	524.53	774.18	524.53	
1502027308	SMP	1	798.19	556.69	798.19	556.69	
1502035760	SMP	1	814.13	565.75	814.13	565.75	
1502044115	SMP	1	825.34	567.70	825.34	567.70	
1502052372	SMP	1	826.92	567.32	826.92	567.32	
1502060899	SMP	1	832.87	555.48	832.87	555.48	
1502069130	SMP	1	837.01	551.89	837.01	551.89	
1502077481	SMP	1	838.16	557.95	838.16	557.95	
1502085744	SMP	1	836.35	558.97	836.35	558.97	
1502094119	SMP	1	837.10	552.69	837.10	552.69	
1502102471	SMP	1	840.23	563.96	840.23	563.96	
1502110884	SMP	1	845.62	560.33	845.62	560.33	
1502119102	SMP	1	849.90	556.48	849.90	556.48	
1502127436	SMP	1	846.74	552.03	846.74	552.03	
1502135829	SMP	1	844.25	545.89	844.25	545.89	
1502144276	SMP	1	839.76	544.91	839.76	544.91	
1502152474	SMP	1	849.27	534.20	849.27	534.20	
1502160881	SMP	1	847.12	548.04	847.12	548.04	
1502169201	SMP	1	847.46	551.01	847.46	551.01	
1502177471	SMP	1	848.59	543.04	848.59	543.04	
1502185849	SMP	1	845.67	542.48	845.67	542.48	
1502194272	SMP	1	847.61	545.81	847.61	545.81	
1502202568	SMP	1	852.90	545.95	852.90	545.95	
1502210893	SMP	1	851.06	545.84	851.06	545.84	
1502219238	SMP	1	851.38	546.65	851.38	546.65	
1502227635	SMP	1	847.52	549.05	847.52	549.05	
1502236027	SMP	1	844.78	552.61	844.78	552.61	
1502244224	SMP	1	793.24	553.32	793.24	553.32	
1502252611	SMP	1	783.75	549.38	783.75	549.38	
1502261022	SMP	1	759.95	545.29	759.95	545.29	
1502269314	SMP	1	756.53	540.12	756.53	540.12	
1502277638	SMP	1	771.10	538.63	771.10	538.63	
1502285958	SMP	1	760.56	538.47	760.56	538.47	
1502294332	SMP	1	741.09	474.75	741.09	474.75	
1502302615	SMP	1	716.59	508.21	716.59	508.21	
1502311008	SMP	1	737.29	507.84	737.29	507.84	
1502319312	SMP	1	712.84	502.63	712.84	502.63	
1502327721	SMP	1	771.38	499.53	771.38	499.53	
1502335955	SMP	1	694.66	486.80	694.66	486.80	
1502344361	SMP	1	677.85	491.34	677.85	491.34	
1502352771	SMP	1	713.82	480.83	713.82	480.83	
1502361181	SMP	1	712.61	491.43	712.61	491.43	
1502369354	SMP	1	709.72	488.09	709.72	488.09	
1502377715	SMP	1	713.81	482.86	713.81	482.86	
1502386132	SMP	1	720.64	474.60	720.64	474.60	
1502394471	SMP	1	721.69	473.67	721.69	473.67	
1502402716	SMP	1	727.44	478.68	727.44	478.68	
1502411112	SMP	1	732.06	475.80	732.06	475.80	
1502419440	SMP	1	734.99	471.65	734.99	471.65	
1502427685	SMP	1	729.60	472.54	729.60	472.54	
1502436125	SMP	1	727.17	486.59	727.17	486.59	
1502444474	SMP	1	727.78	480.70	727.78	480.70	
1502452840	SMP	1	737.30	487.56	737.30	487.56	
1502461105	SMP	1	731.90	479.41	731.90	479.41	
1502469513	SMP	1	731.70	479.59	731.70	479.59	
1502477944	SMP	1	731.13	479.45	731.13	479.45	
1502486244	SMP	1	730.71	482.26	730.71	482.26	
1502494468	SMP	1	727.46	482.49	727.46	482.49	
1502502844	SMP	1	729.92	484.08	729.92	484.08	
1502511234	SMP	1	725.64	488.80	725.64	488.80	
1502519603	SMP	1	728.95	489.56	728.95	489.56	
1502527799	SMP	1	727.49	485.34	727.49	485.34	
1502536245	SMP	1	728.88	488.39	728.88	488.39	
1502544614	SMP	1	726.65	488.10	726.65	488.10	
1502552985	SMP	1	725.93	493.12	725.93	493.12	
1502561222	SMP	1	725.13	494.49	725.13	494.49	
1502569599	SMP	1	724.06	495.70	724.06	495.70	
1502578026	SMP	1	723.93	495.44	723.93	495.44	
1502586244	SMP	1	725.01	501.23	725.01	501.23	
1502594648	SMP	1	727.54	501.04	727.54	501.04	
1502602968	SMP	1	724.54	504.62	724.54	504.62	
1502611365	SMP	1	719.80	505.79	719.80	505.79	
1502619589	SMP	1	720.40	511.64	720.40	511.64	
1502628053	SMP	1	720.61	515.20	720.61	515.20	
1502636366	SMP	1	719.80	516.71	719.80	516.71	
1502644718	SMP	1	720.02	519.91	720.02	519.91	
1502652967	SMP	1	718.74	520.70	718.74	520.70	
1502661372	SMP	1	729.25	519.98	729.25	519.98	
1502669799	SMP	1	772.89	526.05	772.89	526.05	
1502678109	SMP	1	801.34	530.81	801.34	530.81	
1502686349	SMP	1	821.98	526.90	821.98	526.90	
1502694664	SMP	1	836.07	522.82	836.07	522.82	
1502703129	SMP	1	838.26	524.85	838.26	524.85	
1502711384	SMP	1	834.10	520.15	834.10	520.15	
1502719730	SMP	1	833.79	514.62	833.79	514.62	
1502728041	SMP	1	836.78	510.09	836.78	510.09	
1502736487	SMP	1	838.00	507.05	838.00	507.05	
1502744714	SMP	1	839.04	503.97	839.04	503.97	
1502753131	SMP	1	835.60	502.72	835.60	502.72	
1502761476	SMP	1	839.43	494.31	839.43	494.31	
1502769843	SMP	1	841.42	494.76	841.42	494.76	
1502778036	SMP	1	843.25	492.56	843.25	492.56	
1502786502	SMP	1	842.03	490.67	842.03	490.67	
1502794847	SMP	1	839.37	486.66	839.37	486.66	
1502803225	SMP	1	839.91	485.73	839.91	485.73	
1502811477	SMP	1	837.17	485.45	837.17	485.45	
1502819843	SMP	1	838.66	488.11	838.66	488.11	
1502828186	SMP	1	822.81	477.83	822.81	477.83	
1502836498	SMP	1	821.29	477.48	821.29	477.48	
1502845004	SMP	1	823.92	478.85	823.92	478.85	
1502853211	SMP	1	829.97	488.81	829.97	488.81	
1502861650	SMP	1	824.76	487.86	824.76	487.86	
1502869862	SMP	1	831.72	490.14	831.72	490.14	
1502878180	SMP	1	829.22	495.43	829.22	495.43	
1502886618	SMP	1	831.95	495.43	831.95	495.43	
1502894962	SMP	1	831.26	500.65	831.26	500.65	
1502903205	SMP	1	833.65	498.78	833.65	498.78	
1502911636	SMP	1	835.71	493.61	835.71	493.61	
1502919972	SMP	1	833.57	497.62	833.57	497.62	
1502928358	SMP	1	834.12	499.35	834.12	499.35	
1502936581	SMP	1	834.99	499.41	834.99	499.41	
1502945006	SMP	1	837.33	497.36	837.33	497.36	
1502953349	SMP	1	833.25	490.90	833.25	490.90	
1502961751	SMP	1	837.01	493.29	837.01	493.29	
1502969986	SMP	1	837.25	493.88	837.25	493.88	
1502978357	SMP	1	834.66	494.39	834.66	494.39	
1502986730	SMP	1	828.75	490.39	828.75	490.39	
1502995004	SMP	1	826.22	491.15	826.22	491.15	
1503003297	SMP	1	825.79	496.01	825.79	496.01	
1503011712	SMP	1	826.10	489.85	826.10	489.85	
1503020082	SMP	1	846.79	499.51	846.79	499.51	
1503028380	SMP	1	852.58	505.30	852.58	505.30	
1503036746	SMP	1	860.66	509.14	860.66	509.14	
1503045085	SMP	1	863.15	509.74	863.15	509.74	
1503053460	SMP	1	861.44	510.63	861.44	510.63	
1503061710	SMP	1	869.88	506.26	869.88	506.26	
1503070089	SMP	1	870.82	506.68	870.82	506.68	
1503078498	SMP	1	873.60	507.96	873.60	507.96	
1503086853	SMP	1	862.38	506.07	862.38	506.07	
1503095100	SMP	1	871.48	508.50	871.48	508.50	
1503103539	SMP	1	862.50	505.25	862.50	505.25	
1503111877	SMP	1	864.58	511.87	864.58	511.87	
1503120047	SMP	1	858.90	513.56	858.90	513.56	
1503128463	SMP	1	861.99	508.21	861.99	508.21	
1503136837	SMP	1	859.77	502.78	859.77	502.78	
1503145206	SMP	1	868.17	512.02	868.17	512.02	
1503153496	SMP	1	856.04	508.13	856.04	508.13	
1503161873	SMP	1	873.04	492.08	873.04	492.08	
1503170211	SMP	1	877.67	505.40	877.67	505.40	
1503178613	SMP	1	878.89	508.28	878.89	508.28	
1503186925	SMP	1	876.60	490.50	876.60	490.50	
1503195230	SMP	1	887.01	509.88	887.01	509.88	
1503203583	SMP	1	891.20	500.97	891.20	500.97	
1503211988	SMP	1	874.98	498.65	874.98	498.65	
1503220215	SMP	1	897.16	506.84	897.16	506.84	
1503228584	SMP	1	902.80	471.65	902.80	471.65	
1503237046	SMP	1	906.62	516.92	906.62	516.92	
1503245356	SMP	1	899.04	487.46	899.04	487.46	
1503253577	SMP	1	914.61	514.13	914.61	514.13	
1503261964	SMP	1	913.52	485.87	913.52	485.87	
1503270371	SMP	1	916.01	514.55	916.01	514.55	
1503278583	SMP	1	917.16	483.28	917.16	483.28	
1503287034	SMP	1	917.56	524.97	917.56	524.97	
1503295311	SMP	1	919.55	478.68	919.55	478.68	
1503303684	SMP	1	920.50	471.53	920.50	471.53	
1503311977	SMP	1	915.30	523.32	915.30	523.32	
1503320324	SMP	1	918.88	522.25	918.88	522.25	
1503328702	SMP	1	918.03	482.06	918.03	482.06	
1503337055	SMP	1	772.82	492.91	772.82	492.91	
1503345376	SMP	1	752.84	483.53	752.84	483.53	
1503353705	SMP	1	752.14	470.52	752.14	470.52	
1503362120	SMP	1	744.27	460.46	744.27	460.46	
1503370485	SMP	1	737.12	445.69	737.12	445.69	
1503378709	SMP	1	731.11	462.02	731.11	462.02	
1503387033	SMP	1	732.42	445.49	732.42	445.49	
1503395480	SMP	1	727.60	487.66	727.60	487.66	
1503403705	SMP	1	716.34	497.37	716.34	497.37	
1503412079	SMP	1	721.51	463.48	721.51	463.48	
1503420428	SMP	1	726.11	479.47	726.11	479.47	
1503428871	SMP	1	722.28	468.69	722.28	468.69	
1503437044	SMP	1	717.10	481.83	717.10	481.83	
1503445449	SMP	1	713.54	482.78	713.54	482.78	
1503453835	SMP	1	713.12	494.74	713.12	494.74	
1503462237	SMP	1	713.18	498.22	713.18	498.22	
1503470470	SMP	1	716.92	493.81	716.92	493.81	
1503478865	SMP	1	710.73	506.33	710.73	506.33	
1503487275	SMP	1	720.65	499.80	720.65	499.80	
1503495579	SMP	1	722.52	506.97	722.52	506.97	
1503503881	SMP	1	727.94	504.17	727.94	504.17	
1503512243	SMP	1	728.27	514.85	728.27	514.85	
1503520578	SMP	1	721.14	506.58	721.14	506.58	
1503528826	SMP	1	732.77	511.66	732.77	511.66	
1503537226	SMP	1	737.30	519.79	737.30	519.79	
1503545560	SMP	1	727.66	512.93	727.66	512.93	
1503553991	SMP	1	731.87	517.19	731.87	517.19	
1503562209	SMP	1	738.78	515.92	738.78	515.92	
1503570596	SMP	1	736.83	520.10	736.83	520.10	
1503578941	SMP	1	735.20	525.93	735.20	525.93	
1503587357	SMP	1	733.01	531.21	733.01	531.21	
1503595624	SMP	1	733.08	526.84	733.08	526.84	
1503603954	SMP	1	734.92	522.39	734.92	522.39	
1503612357	SMP	1	735.85	522.53	735.85	522.53	
1503620696	SMP	1	730.80	527.35	730.80	527.35	
1503628938	SMP	1	732.41	529.13	732.41	529.13	
1503637350	SMP	1	728.71	529.25	728.71	529.25	
1503645795	SMP	1	727.22	533.40	727.22	533.40	
1503654079	SMP	1	727.35	528.35	727.35	528.35	
1503662351	SMP	1	727.43	532.66	727.43	532.66	
1503670711	SMP	1	725.83	528.56	725.83	528.56	
1503679118	SMP	1	722.43	531.69	722.43	531.69	
1503687327	SMP	1	723.15	524.16	723.15	524.16	
1503695695	SMP	1	720.60	531.74	720.60	531.74	
1503704012	SMP	1	721.49	534.91	721.49	534.91	
1503712492	SMP	1	719.67	533.74	719.67	533.74	
1503720723	SMP	1	719.72	530.56	719.72	530.56	
1503729074	SMP	1	718.67	530.24	718.67	530.24	
1503737469	SMP	1	719.26	531.43	719.26	531.43	
1503745865	SMP	1	717.84	533.88	717.84	533.88	
1503754099	SMP	1	724.16	539.20	724.16	539.20	
1503762460	SMP	1	830.21	546.30	830.21	546.30	
1503770843	SMP	1	843.85	541.88	843.85	541.88	
1503779184	SMP	1	843.33	548.51	843.33	548.51	
1503787469	SMP	1	839.80	542.67	839.80	542.67	
1503795836	SMP	1	843.45	539.35	843.45	539.35	
1503804208	SMP	1	844.31	536.10	844.31	536.10	
1503812427	SMP	1	833.61	545.09	833.61	545.09	
1503820976	SMP	1	842.33	549.60	842.33	549.60	
1503829238	SMP	1	845.03	541.75	845.03	541.75	
1503837598	SMP	1	846.94	539.43	846.94	539.43	
1503845837	SMP	1	847.19	527.57	847.19	527.57	
1503854285	SMP	1	847.10	527.57	847.10	527.57	
1503862575	SMP	1	844.57	528.82	844.57	528.82	
