## [BeGaze]
## Converted from:	C:\Program Files\SMI\Experiment Suite 360\Experiment Center 2\Results\cogaid_rapidRead_1_8\P06-eye_data.idf
## Date:	28.03.2013 15:01:04
## Version:	BeGaze 3.2.28
## IDF Version:	9
## Sample Rate:	120
## Separator Type:	Msg
## Trial Count:	1
## Uses Plane File:	False
## Number of Samples:	816
## Reversed:	none
## [Run]
## Subject:	P06
## Description:	Run1
## [Calibration]
## Calibration Type:	5-point
## Calibration Area:	1680	1050
## Calibration Point 0:	Position(840;525)
## Calibration Point 1:	Position(420;105)
## Calibration Point 2:	Position(1512;262)
## Calibration Point 3:	Position(1260;945)
## Calibration Point 4:	Position(167;787)
## [Geometry]
## Stimulus Dimension [mm]:	474	297
## Head Distance [mm]:	700
## [Hardware Setup]
## System ID:	IVR-X-1140-06110-SMU
## Operating System :	5.1
## IView X Version:	2.7.13
## [Filter Settings]
## Heuristics:	False
## Heuristics Stage:	0
## Bilateral:	True
## Gaze Cursor Filter:	True
## Saccade Length [px]:	80
## Filter Depth [ms]:	20
## Format:	LEFT, RIGHT, POR
##
Time	Type	Trial	L POR X [px]	L POR Y [px]	R POR X [px]	R POR Y [px]
1446454658	SMP	1	463.77	443.34	463.77	443.34	
1446462963	SMP	1	466.41	445.38	466.41	445.38	
1446471223	SMP	1	465.60	454.40	465.60	454.40	
1446479586	SMP	1	468.00	452.37	468.00	452.37	
1446487979	SMP	1	464.25	442.40	464.25	442.40	
1446496213	SMP	1	464.14	443.83	464.14	443.83	
1446504616	SMP	1	454.22	442.07	454.22	442.07	
1446512957	SMP	1	465.53	440.96	465.53	440.96	
1446521347	SMP	1	457.19	437.84	457.19	437.84	
1446529585	SMP	1	452.90	436.83	452.90	436.83	
1446537996	SMP	1	445.68	435.94	445.68	435.94	
1446546329	SMP	1	457.58	434.62	457.58	434.62	
1446554740	SMP	1	460.10	434.34	460.10	434.34	
1446562973	SMP	1	444.36	438.09	444.36	438.09	
1446571340	SMP	1	463.41	457.41	463.41	457.41	
1446579701	SMP	1	456.00	464.18	456.00	464.18	
1446588110	SMP	1	462.66	447.07	462.66	447.07	
1446596322	SMP	1	467.32	438.17	467.32	438.17	
1446604728	SMP	1	462.92	439.43	462.92	439.43	
1446613087	SMP	1	467.42	440.11	467.42	440.11	
1446621469	SMP	1	463.64	448.06	463.64	448.06	
1446629704	SMP	1	469.04	451.33	469.04	451.33	
1446638140	SMP	1	468.12	450.19	468.12	450.19	
1446646462	SMP	1	463.75	454.33	463.75	454.33	
1446654765	SMP	1	472.79	449.16	472.79	449.16	
1446663081	SMP	1	463.34	292.69	463.34	292.69	
1446671486	SMP	1	479.91	305.10	479.91	305.10	
1446679824	SMP	1	476.12	298.76	476.12	298.76	
1446688100	SMP	1	468.79	295.46	468.79	295.46	
1446696469	SMP	1	481.56	273.66	481.56	273.66	
1446704837	SMP	1	480.96	278.59	480.96	278.59	
1446713229	SMP	1	490.08	276.77	490.08	276.77	
1446721452	SMP	1	489.20	279.07	489.20	279.07	
1446729843	SMP	1	498.05	272.86	498.05	272.86	
1446738229	SMP	1	498.07	274.09	498.07	274.09	
1446746618	SMP	1	498.48	263.85	498.48	263.85	
1446754888	SMP	1	499.85	306.45	499.85	306.45	
1446763256	SMP	1	498.68	290.21	498.68	290.21	
1446771646	SMP	1	497.61	306.36	497.61	306.36	
1446779863	SMP	1	497.69	310.41	497.69	310.41	
1446788261	SMP	1	494.47	307.15	494.47	307.15	
1446796659	SMP	1	499.20	308.74	499.20	308.74	
1446805008	SMP	1	495.03	305.05	495.03	305.05	
1446813971	SMP	1	491.61	288.56	491.61	288.56	
1446821581	SMP	1	482.42	309.10	482.42	309.10	
1446829978	SMP	1	396.52	193.18	396.52	193.18	
1446838341	SMP	1	389.74	172.80	389.74	172.80	
1446846635	SMP	1	399.72	180.88	399.72	180.88	
1446854979	SMP	1	409.86	164.64	409.86	164.64	
1446863318	SMP	1	396.03	158.28	396.03	158.28	
1446871706	SMP	1	428.65	152.74	428.65	152.74	
1446879966	SMP	1	405.22	165.03	405.22	165.03	
1446888322	SMP	1	427.80	160.49	427.80	160.49	
1446896682	SMP	1	410.59	174.52	410.59	174.52	
1446904973	SMP	1	418.56	193.05	418.56	193.05	
1446913293	SMP	1	410.79	170.13	410.79	170.13	
1446921695	SMP	1	417.59	181.97	417.59	181.97	
1446930104	SMP	1	412.16	160.92	412.16	160.92	
1446938325	SMP	1	415.46	157.41	415.46	157.41	
1446946710	SMP	1	414.51	156.50	414.51	156.50	
1446955081	SMP	1	416.36	169.73	416.36	169.73	
1446963471	SMP	1	415.52	159.79	415.52	159.79	
1446971727	SMP	1	408.19	164.24	408.19	164.24	
1446980064	SMP	1	401.10	173.42	401.10	173.42	
1446988429	SMP	1	398.95	171.80	398.95	171.80	
1446996816	SMP	1	404.68	155.72	404.68	155.72	
1447005018	SMP	1	392.25	133.01	392.25	133.01	
1447013466	SMP	1	392.19	134.29	392.19	134.29	
1447021883	SMP	1	400.57	164.59	400.57	164.59	
1447030183	SMP	1	416.08	125.87	416.08	125.87	
1447038430	SMP	1	523.09	154.35	523.09	154.35	
1447046850	SMP	1	536.46	126.95	536.46	126.95	
1447055190	SMP	1	533.65	128.55	533.65	128.55	
1447063427	SMP	1	534.61	134.27	534.61	134.27	
1447071841	SMP	1	534.34	167.93	534.34	167.93	
1447080193	SMP	1	534.00	147.75	534.00	147.75	
1447088568	SMP	1	534.24	130.71	534.24	130.71	
1447096824	SMP	1	527.27	128.36	527.27	128.36	
1447105188	SMP	1	527.88	149.57	527.88	149.57	
1447113575	SMP	1	513.47	127.07	513.47	127.07	
1447121982	SMP	1	513.96	155.12	513.96	155.12	
1447130194	SMP	1	515.69	150.84	515.69	150.84	
1447138564	SMP	1	531.29	148.62	531.29	148.62	
1447146957	SMP	1	520.28	130.43	520.28	130.43	
1447155324	SMP	1	534.74	143.38	534.74	143.38	
1447163551	SMP	1	507.74	139.33	507.74	139.33	
1447171948	SMP	1	512.17	172.16	512.17	172.16	
1447180311	SMP	1	500.11	168.72	500.11	168.72	
1447188558	SMP	1	504.68	173.66	504.68	173.66	
1447196951	SMP	1	528.04	140.57	528.04	140.57	
1447205347	SMP	1	509.35	371.30	509.35	371.30	
1447213827	SMP	1	491.29	337.28	491.29	337.28	
1447221971	SMP	1	472.95	394.46	472.95	394.46	
1447230313	SMP	1	491.15	395.11	491.15	395.11	
1447238694	SMP	1	506.61	384.17	506.61	384.17	
1447247067	SMP	1	491.74	389.08	491.74	389.08	
1447255342	SMP	1	506.86	408.55	506.86	408.55	
1447263692	SMP	1	491.01	421.72	491.01	421.72	
1447272090	SMP	1	491.73	432.33	491.73	432.33	
1447280469	SMP	1	491.86	439.00	491.86	439.00	
1447288709	SMP	1	500.66	395.04	500.66	395.04	
1447297023	SMP	1	501.93	385.63	501.93	385.63	
1447305430	SMP	1	505.60	385.48	505.60	385.48	
1447313803	SMP	1	516.14	386.17	516.14	386.17	
1447322083	SMP	1	500.08	395.48	500.08	395.48	
1447330475	SMP	1	507.76	428.86	507.76	428.86	
1447338832	SMP	1	512.59	378.72	512.59	378.72	
1447347078	SMP	1	507.48	393.10	507.48	393.10	
1447355436	SMP	1	509.58	404.29	509.58	404.29	
1447363835	SMP	1	509.40	393.84	509.40	393.84	
1447372183	SMP	1	508.80	459.19	508.80	459.19	
1447380429	SMP	1	510.23	384.31	510.23	384.31	
1447388775	SMP	1	507.91	384.14	507.91	384.14	
1447397200	SMP	1	506.07	447.25	506.07	447.25	
1447405566	SMP	1	510.09	440.35	510.09	440.35	
1447413835	SMP	1	504.03	524.20	504.03	524.20	
1447422201	SMP	1	510.16	519.64	510.16	519.64	
1447430551	SMP	1	506.48	530.21	506.48	530.21	
1447439000	SMP	1	504.34	536.90	504.34	536.90	
1447447216	SMP	1	499.23	533.52	499.23	533.52	
1447455574	SMP	1	487.19	539.70	487.19	539.70	
1447463928	SMP	1	489.18	546.40	489.18	546.40	
1447472224	SMP	1	497.79	537.05	497.79	537.05	
1447480568	SMP	1	489.40	545.49	489.40	545.49	
1447488967	SMP	1	490.70	545.94	490.70	545.94	
1447497295	SMP	1	497.21	540.33	497.21	540.33	
1447505551	SMP	1	486.06	552.77	486.06	552.77	
1447513929	SMP	1	494.71	538.72	494.71	538.72	
1447522349	SMP	1	487.61	542.23	487.61	542.23	
1447530712	SMP	1	478.05	540.15	478.05	540.15	
1447538949	SMP	1	491.16	524.26	491.16	524.26	
1447547317	SMP	1	488.58	544.52	488.58	544.52	
1447555679	SMP	1	489.15	539.25	489.15	539.25	
1447564040	SMP	1	446.42	546.22	446.42	546.22	
1447572348	SMP	1	479.03	541.08	479.03	541.08	
1447580708	SMP	1	499.53	525.46	499.53	525.46	
1447589011	SMP	1	479.57	536.23	479.57	536.23	
1447597313	SMP	1	480.31	537.04	480.31	537.04	
1447605666	SMP	1	485.08	539.15	485.08	539.15	
1447614064	SMP	1	497.80	521.74	497.80	521.74	
1447622434	SMP	1	490.49	538.02	490.49	538.02	
1447630739	SMP	1	476.87	541.20	476.87	541.20	
1447639009	SMP	1	464.23	545.62	464.23	545.62	
1447647420	SMP	1	476.01	544.95	476.01	544.95	
1447655831	SMP	1	472.60	543.53	472.60	543.53	
1447664143	SMP	1	465.17	546.94	465.17	546.94	
1447672393	SMP	1	459.25	546.32	459.25	546.32	
1447680855	SMP	1	468.03	542.02	468.03	542.02	
1447689152	SMP	1	460.60	548.87	460.60	548.87	
1447697411	SMP	1	458.06	548.52	458.06	548.52	
1447705797	SMP	1	481.63	546.20	481.63	546.20	
1447714185	SMP	1	595.01	546.16	595.01	546.16	
1447722575	SMP	1	624.87	538.99	624.87	538.99	
1447730829	SMP	1	625.72	524.73	625.72	524.73	
1447739165	SMP	1	619.77	529.63	619.77	529.63	
1447747559	SMP	1	617.58	537.63	617.58	537.63	
1447755808	SMP	1	623.43	534.00	623.43	534.00	
1447764207	SMP	1	622.75	509.44	622.75	509.44	
1447772583	SMP	1	618.22	530.12	618.22	530.12	
1447780933	SMP	1	626.33	521.60	626.33	521.60	
1447789118	SMP	1	625.17	525.21	625.17	525.21	
1447797552	SMP	1	625.33	528.06	625.33	528.06	
1447805895	SMP	1	627.16	522.51	627.16	522.51	
1447814327	SMP	1	625.56	527.23	625.56	527.23	
1447822585	SMP	1	625.54	523.83	625.54	523.83	
1447830933	SMP	1	627.20	527.86	627.20	527.86	
1447839315	SMP	1	627.88	528.39	627.88	528.39	
1447847726	SMP	1	627.36	520.05	627.36	520.05	
1447855928	SMP	1	625.87	529.02	625.87	529.02	
1447864305	SMP	1	627.15	523.13	627.15	523.13	
1447872674	SMP	1	625.15	521.27	625.15	521.27	
1447880917	SMP	1	628.05	519.99	628.05	519.99	
1447889334	SMP	1	626.60	525.14	626.60	525.14	
1447897686	SMP	1	623.63	516.21	623.63	516.21	
1447906059	SMP	1	626.84	514.14	626.84	514.14	
1447914292	SMP	1	623.02	517.15	623.02	517.15	
1447922718	SMP	1	622.02	515.17	622.02	515.17	
1447931044	SMP	1	623.92	515.07	623.92	515.07	
1447939427	SMP	1	625.28	514.36	625.28	514.36	
1447947709	SMP	1	624.58	518.71	624.58	518.71	
1447956062	SMP	1	624.66	515.79	624.66	515.79	
1447964413	SMP	1	622.40	512.74	622.40	512.74	
1447972815	SMP	1	623.66	516.65	623.66	516.65	
1447981040	SMP	1	623.13	512.60	623.13	512.60	
1447989414	SMP	1	624.10	521.20	624.10	521.20	
1447998011	SMP	1	634.57	518.52	634.57	518.52	
1448006075	SMP	1	624.00	517.67	624.00	517.67	
1448014447	SMP	1	623.11	522.14	623.11	522.14	
1448022821	SMP	1	627.22	523.67	627.22	523.67	
1448031186	SMP	1	636.06	521.39	636.06	521.39	
1448039421	SMP	1	626.78	519.43	626.78	519.43	
1448047826	SMP	1	625.23	517.83	625.23	517.83	
1448056203	SMP	1	629.41	526.48	629.41	526.48	
1448064590	SMP	1	623.44	489.17	623.44	489.17	
1448072821	SMP	1	599.19	428.79	599.19	428.79	
1448081181	SMP	1	500.02	366.20	500.02	366.20	
1448089554	SMP	1	489.31	291.12	489.31	291.12	
1448097971	SMP	1	480.54	281.48	480.54	281.48	
1448106170	SMP	1	454.60	244.00	454.60	244.00	
1448114551	SMP	1	468.21	288.55	468.21	288.55	
1448122920	SMP	1	464.36	307.62	464.36	307.62	
1448131355	SMP	1	466.29	283.35	466.29	283.35	
1448139555	SMP	1	469.11	301.60	469.11	301.60	
1448147975	SMP	1	471.28	298.69	471.28	298.69	
1448156303	SMP	1	468.33	279.47	468.33	279.47	
1448164575	SMP	1	466.95	299.95	466.95	299.95	
1448172946	SMP	1	460.70	304.47	460.70	304.47	
1448181295	SMP	1	467.36	308.65	467.36	308.65	
1448189656	SMP	1	466.05	279.00	466.05	279.00	
1448197901	SMP	1	463.68	303.05	463.68	303.05	
1448206299	SMP	1	473.22	306.95	473.22	306.95	
1448214659	SMP	1	468.73	151.64	468.73	151.64	
1448223080	SMP	1	468.25	308.40	468.25	308.40	
1448231286	SMP	1	469.77	310.37	469.77	310.37	
1448239688	SMP	1	466.20	291.70	466.20	291.70	
1448248088	SMP	1	463.82	317.36	463.82	317.36	
1448256419	SMP	1	464.02	232.34	464.02	232.34	
1448264661	SMP	1	468.35	299.81	468.35	299.81	
1448273066	SMP	1	465.28	312.92	465.28	312.92	
1448281368	SMP	1	470.84	294.88	470.84	294.88	
1448289670	SMP	1	466.59	250.64	466.59	250.64	
1448298007	SMP	1	467.01	314.35	467.01	314.35	
1448306418	SMP	1	471.63	253.45	471.63	253.45	
1448314785	SMP	1	476.41	291.51	476.41	291.51	
1448323086	SMP	1	474.25	309.84	474.25	309.84	
1448331450	SMP	1	458.28	238.27	458.28	238.27	
1448339811	SMP	1	466.91	316.70	466.91	316.70	
1448348178	SMP	1	462.66	308.64	462.66	308.64	
1448356424	SMP	1	458.06	284.01	458.06	284.01	
1448364788	SMP	1	463.46	280.34	463.46	280.34	
1448373183	SMP	1	456.08	296.82	456.08	296.82	
1448381538	SMP	1	451.95	296.81	451.95	296.81	
1448389747	SMP	1	452.07	290.62	452.07	290.62	
1448398174	SMP	1	449.60	279.22	449.60	279.22	
1448406588	SMP	1	450.59	300.23	450.59	300.23	
1448414795	SMP	1	449.89	289.34	449.89	289.34	
1448423170	SMP	1	449.96	289.78	449.96	289.78	
1448431533	SMP	1	447.67	287.18	447.67	287.18	
1448439913	SMP	1	449.76	277.01	449.76	277.01	
1448448159	SMP	1	449.13	285.55	449.13	285.55	
1448456580	SMP	1	448.50	291.54	448.50	291.54	
1448464918	SMP	1	450.58	285.84	450.58	285.84	
1448473312	SMP	1	452.59	282.80	452.59	282.80	
1448481556	SMP	1	459.26	290.48	459.26	290.48	
1448489950	SMP	1	452.96	296.24	452.96	296.24	
1448498290	SMP	1	456.73	308.32	456.73	308.32	
1448506662	SMP	1	456.70	301.48	456.70	301.48	
1448514906	SMP	1	460.37	288.23	460.37	288.23	
1448523310	SMP	1	468.56	298.36	468.56	298.36	
1448531705	SMP	1	463.95	332.74	463.95	332.74	
1448539920	SMP	1	467.94	308.06	467.94	308.06	
1448548289	SMP	1	470.86	305.09	470.86	305.09	
1448556668	SMP	1	466.86	317.57	466.86	317.57	
1448565065	SMP	1	472.41	331.75	472.41	331.75	
1448573326	SMP	1	471.63	305.28	471.63	305.28	
1448581669	SMP	1	471.72	332.74	471.72	332.74	
1448590014	SMP	1	472.00	307.28	472.00	307.28	
1448598430	SMP	1	475.97	310.92	475.97	310.92	
1448606770	SMP	1	475.22	334.69	475.22	334.69	
1448615062	SMP	1	468.66	336.23	468.66	336.23	
1448623420	SMP	1	476.05	330.99	476.05	330.99	
1448631782	SMP	1	475.20	324.70	475.20	324.70	
1448640046	SMP	1	474.33	323.65	474.33	323.65	
1448648437	SMP	1	472.47	303.09	472.47	303.09	
1448656805	SMP	1	473.43	329.80	473.43	329.80	
1448665113	SMP	1	477.28	324.45	477.28	324.45	
1448673419	SMP	1	490.54	318.98	490.54	318.98	
1448681746	SMP	1	480.76	319.13	480.76	319.13	
1448690175	SMP	1	474.35	324.72	474.35	324.72	
1448698422	SMP	1	473.09	322.14	473.09	322.14	
1448706794	SMP	1	478.90	314.68	478.90	314.68	
1448715168	SMP	1	476.81	312.73	476.81	312.73	
1448723585	SMP	1	473.58	328.83	473.58	328.83	
1448731777	SMP	1	483.75	329.64	483.75	329.64	
1448740196	SMP	1	483.40	358.37	483.40	358.37	
1448748531	SMP	1	487.53	378.81	487.53	378.81	
1448756895	SMP	1	491.97	373.67	491.97	373.67	
1448765153	SMP	1	492.05	358.83	492.05	358.83	
1448773553	SMP	1	481.25	386.06	481.25	386.06	
1448781911	SMP	1	488.79	382.97	488.79	382.97	
1448790282	SMP	1	493.40	402.96	493.40	402.96	
1448798547	SMP	1	489.76	396.93	489.76	396.93	
1448806947	SMP	1	496.43	392.12	496.43	392.12	
1448815288	SMP	1	499.48	378.22	499.48	378.22	
1448823564	SMP	1	498.84	395.71	498.84	395.71	
1448831992	SMP	1	498.99	393.07	498.99	393.07	
1448840287	SMP	1	501.46	398.24	501.46	398.24	
1448848723	SMP	1	494.83	397.23	494.83	397.23	
1448856939	SMP	1	497.02	399.25	497.02	399.25	
1448865327	SMP	1	497.01	377.17	497.01	377.17	
1448873722	SMP	1	497.80	377.60	497.80	377.60	
1448882096	SMP	1	495.85	422.73	495.85	422.73	
1448890297	SMP	1	495.92	391.91	495.92	391.91	
1448898686	SMP	1	498.71	395.43	498.71	395.43	
1448907010	SMP	1	496.17	400.01	496.17	400.01	
1448915423	SMP	1	498.05	387.77	498.05	387.77	
1448923663	SMP	1	497.55	398.28	497.55	398.28	
1448932066	SMP	1	500.49	402.33	500.49	402.33	
1448940415	SMP	1	500.01	385.29	500.01	385.29	
1448948804	SMP	1	500.09	399.71	500.09	399.71	
1448957052	SMP	1	500.41	402.85	500.41	402.85	
1448965430	SMP	1	499.13	399.65	499.13	399.65	
1448973900	SMP	1	506.54	404.35	506.54	404.35	
1448982026	SMP	1	503.88	391.63	503.88	391.63	
1448990407	SMP	1	506.69	405.74	506.69	405.74	
1448998775	SMP	1	518.13	422.53	518.13	422.53	
1449007165	SMP	1	523.83	428.74	523.83	428.74	
1449015435	SMP	1	519.10	430.82	519.10	430.82	
1449023814	SMP	1	527.61	436.10	527.61	436.10	
1449032163	SMP	1	535.67	445.59	535.67	445.59	
1449040552	SMP	1	538.64	426.40	538.64	426.40	
1449048907	SMP	1	539.25	450.83	539.25	450.83	
1449065495	SMP	1	543.15	440.05	543.15	440.05	
1449073923	SMP	1	548.15	454.85	548.15	454.85	
1449082124	SMP	1	551.59	446.39	551.59	446.39	
1449090570	SMP	1	550.35	450.95	550.35	450.95	
1449098957	SMP	1	546.64	455.21	546.64	455.21	
1449107127	SMP	1	549.63	446.57	549.63	446.57	
1449115544	SMP	1	548.32	458.01	548.32	458.01	
1449123915	SMP	1	550.04	454.12	550.04	454.12	
1449132283	SMP	1	552.24	449.40	552.24	449.40	
1449140553	SMP	1	551.48	447.90	551.48	447.90	
1449148969	SMP	1	555.40	454.08	555.40	454.08	
1449157278	SMP	1	556.40	451.17	556.40	451.17	
1449165864	SMP	1	551.89	446.45	551.89	446.45	
1449173896	SMP	1	553.95	445.69	553.95	445.69	
1449182290	SMP	1	552.87	449.39	552.87	449.39	
1449190645	SMP	1	553.81	445.93	553.81	445.93	
1449199057	SMP	1	553.97	451.72	553.97	451.72	
1449207301	SMP	1	553.93	449.47	553.93	449.47	
1449215676	SMP	1	553.90	450.31	553.90	450.31	
1449224047	SMP	1	560.39	462.27	560.39	462.27	
1449232256	SMP	1	565.98	526.44	565.98	526.44	
1449240648	SMP	1	569.24	550.94	569.24	550.94	
1449249013	SMP	1	575.27	577.92	575.27	577.92	
1449257430	SMP	1	576.22	566.10	576.22	566.10	
1449265650	SMP	1	581.14	591.14	581.14	591.14	
1449274041	SMP	1	581.91	593.54	581.91	593.54	
1449282443	SMP	1	586.20	599.18	586.20	599.18	
1449290774	SMP	1	586.68	599.31	586.68	599.31	
1449298986	SMP	1	591.07	597.25	591.07	597.25	
1449307393	SMP	1	591.66	599.63	591.66	599.63	
1449315769	SMP	1	592.00	598.08	592.00	598.08	
1449324165	SMP	1	593.46	595.10	593.46	595.10	
1449332445	SMP	1	595.18	596.88	595.18	596.88	
1449340772	SMP	1	593.60	597.24	593.60	597.24	
1449349134	SMP	1	594.10	597.27	594.10	597.27	
1449357501	SMP	1	594.42	595.30	594.42	595.30	
1449365815	SMP	1	595.07	595.44	595.07	595.44	
1449374155	SMP	1	594.27	596.52	594.27	596.52	
1449382523	SMP	1	594.03	594.81	594.03	594.81	
1449390817	SMP	1	595.27	595.31	595.27	595.31	
1449399126	SMP	1	593.25	592.06	593.25	592.06	
1449407531	SMP	1	594.15	592.39	594.15	592.39	
1449415936	SMP	1	594.73	592.82	594.73	592.82	
1449424154	SMP	1	592.72	593.20	592.72	593.20	
1449432522	SMP	1	593.21	592.96	593.21	592.96	
1449440907	SMP	1	615.27	594.76	615.27	594.76	
1449449292	SMP	1	631.36	595.94	631.36	595.94	
1449457538	SMP	1	649.18	594.21	649.18	594.21	
1449465862	SMP	1	649.05	592.53	649.05	592.53	
1449474283	SMP	1	650.09	592.63	650.09	592.63	
1449482630	SMP	1	661.61	591.74	661.61	591.74	
1449490932	SMP	1	660.46	592.16	660.46	592.16	
1449499280	SMP	1	660.52	589.96	660.52	589.96	
1449507640	SMP	1	658.15	589.71	658.15	589.71	
1449515891	SMP	1	659.83	590.51	659.83	590.51	
1449524308	SMP	1	659.80	590.32	659.80	590.32	
1449532679	SMP	1	662.81	590.75	662.81	590.75	
1449541022	SMP	1	663.67	589.52	663.67	589.52	
1449549278	SMP	1	663.52	589.99	663.52	589.99	
1449557644	SMP	1	664.55	586.52	664.55	586.52	
1449565992	SMP	1	664.44	586.53	664.44	586.53	
1449574421	SMP	1	663.50	584.53	663.50	584.53	
1449582751	SMP	1	664.63	582.81	664.63	582.81	
1449591009	SMP	1	662.75	584.21	662.75	584.21	
1449599391	SMP	1	666.53	582.90	666.53	582.90	
1449607878	SMP	1	665.97	582.64	665.97	582.64	
1449616027	SMP	1	668.01	580.97	668.01	580.97	
1449624391	SMP	1	667.63	578.31	667.63	578.31	
1449632812	SMP	1	667.59	577.71	667.59	577.71	
1449641012	SMP	1	667.94	574.78	667.94	574.78	
1449649437	SMP	1	667.56	578.83	667.56	578.83	
1449657817	SMP	1	649.19	582.33	649.19	582.33	
1449666130	SMP	1	590.74	582.12	590.74	582.12	
1449674422	SMP	1	558.75	585.51	558.75	585.51	
1449682797	SMP	1	555.21	586.78	555.21	586.78	
1449691169	SMP	1	548.61	588.54	548.61	588.54	
1449699526	SMP	1	548.19	588.50	548.19	588.50	
1449707850	SMP	1	544.99	588.96	544.99	588.96	
1449716142	SMP	1	551.00	592.31	551.00	592.31	
1449724533	SMP	1	548.75	593.75	548.75	593.75	
1449732911	SMP	1	548.05	593.64	548.05	593.64	
1449741145	SMP	1	546.63	594.01	546.63	594.01	
1449749529	SMP	1	547.52	589.40	547.52	589.40	
1449758103	SMP	1	549.06	588.27	549.06	588.27	
1449766307	SMP	1	549.45	585.84	549.45	585.84	
1449774496	SMP	1	549.65	581.40	549.65	581.40	
1449782901	SMP	1	553.90	585.11	553.90	585.11	
1449791260	SMP	1	548.19	581.70	548.19	581.70	
1449799546	SMP	1	553.54	581.55	553.54	581.55	
1449807963	SMP	1	553.06	580.24	553.06	580.24	
1449816315	SMP	1	550.97	579.11	550.97	579.11	
1449824649	SMP	1	551.46	580.75	551.46	580.75	
1449832914	SMP	1	543.48	582.82	543.48	582.82	
1449841303	SMP	1	537.76	589.08	537.76	589.08	
1449849662	SMP	1	529.63	592.41	529.63	592.41	
1449857995	SMP	1	533.84	594.43	533.84	594.43	
1449866236	SMP	1	521.01	596.80	521.01	596.80	
1449874629	SMP	1	520.69	598.49	520.69	598.49	
1449883006	SMP	1	523.52	600.23	523.52	600.23	
1449891424	SMP	1	520.24	602.63	520.24	602.63	
1449899671	SMP	1	519.14	602.85	519.14	602.85	
1449907975	SMP	1	514.30	606.39	514.30	606.39	
1449916382	SMP	1	515.22	606.66	515.22	606.66	
1449924678	SMP	1	513.76	608.95	513.76	608.95	
1449933012	SMP	1	514.56	607.34	514.56	607.34	
1449941417	SMP	1	515.37	605.76	515.37	605.76	
1449949908	SMP	1	512.86	608.22	512.86	608.22	
1449958025	SMP	1	513.93	603.08	513.93	603.08	
1449966354	SMP	1	514.74	606.26	514.74	606.26	
1449974785	SMP	1	513.71	605.92	513.71	605.92	
1449983113	SMP	1	514.94	604.21	514.94	604.21	
1449991384	SMP	1	515.83	606.70	515.83	606.70	
1449999792	SMP	1	517.67	607.60	517.67	607.60	
1450008150	SMP	1	518.22	607.50	518.22	607.50	
1450016574	SMP	1	517.82	604.45	517.82	604.45	
1450024776	SMP	1	518.15	606.50	518.15	606.50	
1450033141	SMP	1	517.65	606.63	517.65	606.63	
1450041508	SMP	1	519.53	606.38	519.53	606.38	
1450049808	SMP	1	519.02	607.51	519.02	607.51	
1450058133	SMP	1	520.09	607.57	520.09	607.57	
1450066504	SMP	1	520.79	610.00	520.79	610.00	
1450074895	SMP	1	520.01	609.83	520.01	609.83	
1450083174	SMP	1	519.53	609.59	519.53	609.59	
1450091510	SMP	1	519.93	608.85	519.93	608.85	
1450099913	SMP	1	518.90	611.98	518.90	611.98	
1450108271	SMP	1	519.60	611.96	519.60	611.96	
1450116510	SMP	1	519.20	614.16	519.20	614.16	
1450124881	SMP	1	519.23	616.05	519.23	616.05	
1450133308	SMP	1	518.80	616.37	518.80	616.37	
1450141769	SMP	1	520.27	614.40	520.27	614.40	
1450149914	SMP	1	519.51	618.80	519.51	618.80	
1450158265	SMP	1	520.06	616.25	520.06	616.25	
1450166675	SMP	1	519.18	619.79	519.18	619.79	
1450175035	SMP	1	518.71	618.33	518.71	618.33	
1450183253	SMP	1	517.40	619.62	517.40	619.62	
1450191579	SMP	1	517.89	616.13	517.89	616.13	
1450200011	SMP	1	525.57	613.44	525.57	613.44	
1450208274	SMP	1	616.20	624.03	616.20	624.03	
1450216673	SMP	1	637.06	617.77	637.06	617.77	
1450225034	SMP	1	644.05	620.23	644.05	620.23	
1450233352	SMP	1	643.43	621.74	643.43	621.74	
1450241641	SMP	1	647.33	625.40	647.33	625.40	
1450249974	SMP	1	645.55	628.04	645.55	628.04	
1450258408	SMP	1	598.60	636.61	598.60	636.61	
1450266722	SMP	1	583.98	642.50	583.98	642.50	
1450275026	SMP	1	590.70	644.96	590.70	644.96	
1450283389	SMP	1	619.11	626.07	619.11	626.07	
1450291787	SMP	1	626.07	628.94	626.07	628.94	
1450300167	SMP	1	648.41	626.88	648.41	626.88	
1450308378	SMP	1	645.63	622.85	645.63	622.85	
1450316761	SMP	1	602.63	633.74	602.63	633.74	
1450325164	SMP	1	604.64	644.09	604.64	644.09	
1450333382	SMP	1	604.81	645.95	604.81	645.95	
1450341753	SMP	1	612.95	656.11	612.95	656.11	
1450350158	SMP	1	617.61	661.23	617.61	661.23	
1450358482	SMP	1	600.65	667.85	600.65	667.85	
1450366814	SMP	1	613.84	680.98	613.84	680.98	
1450375159	SMP	1	623.66	691.05	623.66	691.05	
1450383509	SMP	1	662.64	653.13	662.64	653.13	
1450391874	SMP	1	610.97	669.01	610.97	669.01	
1450400129	SMP	1	622.65	666.05	622.65	666.05	
1450408536	SMP	1	621.87	542.79	621.87	542.79	
1450416878	SMP	1	628.92	540.03	628.92	540.03	
1450425274	SMP	1	635.83	535.49	635.83	535.49	
1450433504	SMP	1	644.93	538.96	644.93	538.96	
1450441835	SMP	1	640.01	549.16	640.01	549.16	
1450450265	SMP	1	634.21	547.29	634.21	547.29	
1450458499	SMP	1	647.85	553.39	647.85	553.39	
1450466860	SMP	1	647.97	556.90	647.97	556.90	
1450475272	SMP	1	645.58	553.83	645.58	553.83	
1450483633	SMP	1	648.07	556.32	648.07	556.32	
1450491880	SMP	1	649.31	553.93	649.31	553.93	
1450500274	SMP	1	650.23	554.99	650.23	554.99	
1450508627	SMP	1	651.44	552.63	651.44	552.63	
1450516999	SMP	1	652.40	555.21	652.40	555.21	
1450525272	SMP	1	652.31	558.62	652.31	558.62	
1450533670	SMP	1	650.57	557.93	650.57	557.93	
1450541987	SMP	1	652.89	556.68	652.89	556.68	
1450550408	SMP	1	651.69	557.48	651.69	557.48	
1450558628	SMP	1	649.71	561.30	649.71	561.30	
1450567008	SMP	1	648.30	559.59	648.30	559.59	
1450575403	SMP	1	648.83	559.18	648.83	559.18	
1450583747	SMP	1	650.27	554.27	650.27	554.27	
1450591995	SMP	1	651.14	554.08	651.14	554.08	
1450600409	SMP	1	653.37	557.18	653.37	557.18	
1450608814	SMP	1	651.53	563.37	651.53	563.37	
1450617030	SMP	1	648.96	561.21	648.96	561.21	
1450625376	SMP	1	648.82	559.80	648.82	559.80	
1450633747	SMP	1	647.95	564.60	647.95	564.60	
1450642132	SMP	1	651.05	565.15	651.05	565.15	
1450650380	SMP	1	650.12	559.44	650.12	559.44	
1450658818	SMP	1	651.34	556.73	651.34	556.73	
1450667141	SMP	1	651.47	560.58	651.47	560.58	
1450675524	SMP	1	651.25	560.61	651.25	560.61	
1450683741	SMP	1	651.11	559.58	651.11	559.58	
1450692156	SMP	1	647.65	560.99	647.65	560.99	
1450700505	SMP	1	646.31	558.49	646.31	558.49	
1450708914	SMP	1	648.11	558.50	648.11	558.50	
1450717147	SMP	1	649.76	558.58	649.76	558.58	
1450725525	SMP	1	650.61	560.02	650.61	560.02	
1450733901	SMP	1	649.16	560.15	649.16	560.15	
1450742138	SMP	1	651.82	560.13	651.82	560.13	
1450750505	SMP	1	652.07	560.56	652.07	560.56	
1450758895	SMP	1	653.28	561.64	653.28	561.64	
1450767265	SMP	1	654.08	560.91	654.08	560.91	
1450775517	SMP	1	653.45	563.97	653.45	563.97	
1450783894	SMP	1	654.27	565.20	654.27	565.20	
1450792243	SMP	1	653.52	563.37	653.52	563.37	
1450800629	SMP	1	651.91	563.47	651.91	563.47	
1450808888	SMP	1	650.74	564.16	650.74	564.16	
1450817234	SMP	1	546.01	652.98	546.01	652.98	
1450825636	SMP	1	537.13	579.04	537.13	579.04	
1450833984	SMP	1	524.91	607.97	524.91	607.97	
1450842243	SMP	1	523.39	606.63	523.39	606.63	
1450850633	SMP	1	521.86	618.17	521.86	618.17	
1450859000	SMP	1	513.48	619.28	513.48	619.28	
1450867240	SMP	1	510.27	616.84	510.27	616.84	
1450875617	SMP	1	504.01	622.24	504.01	622.24	
1450884040	SMP	1	504.90	622.90	504.90	622.90	
1450892370	SMP	1	511.22	621.62	511.22	621.62	
1450900646	SMP	1	512.64	621.35	512.64	621.35	
1450908964	SMP	1	510.62	619.12	510.62	619.12	
1450917367	SMP	1	511.95	620.17	511.95	620.17	
1450925932	SMP	1	512.32	620.30	512.32	620.30	
1450934028	SMP	1	512.24	620.22	512.24	620.22	
1450942389	SMP	1	513.84	620.39	513.84	620.39	
1450950756	SMP	1	514.52	621.04	514.52	621.04	
1450959139	SMP	1	512.38	621.65	512.38	621.65	
1450967404	SMP	1	515.23	621.18	515.23	621.18	
1450975767	SMP	1	514.74	621.98	514.74	621.98	
1450984095	SMP	1	515.72	621.73	515.72	621.73	
1450992495	SMP	1	515.92	622.68	515.92	622.68	
1451000742	SMP	1	516.46	623.68	516.46	623.68	
1451009145	SMP	1	516.99	624.43	516.99	624.43	
1451017492	SMP	1	515.26	623.40	515.26	623.40	
1451025761	SMP	1	515.61	622.11	515.61	622.11	
1451034130	SMP	1	514.83	622.38	514.83	622.38	
1451042535	SMP	1	515.34	622.92	515.34	622.92	
1451050894	SMP	1	515.30	623.67	515.30	623.67	
1451059065	SMP	1	514.19	626.04	514.19	626.04	
1451067508	SMP	1	514.31	625.98	514.31	625.98	
1451075867	SMP	1	516.03	625.61	516.03	625.61	
1451084238	SMP	1	515.08	622.66	515.08	622.66	
1451092521	SMP	1	515.76	622.80	515.76	622.80	
1451100903	SMP	1	513.91	624.44	513.91	624.44	
1451109216	SMP	1	511.16	627.94	511.16	627.94	
1451117624	SMP	1	510.51	624.67	510.51	624.67	
1451125891	SMP	1	512.08	622.83	512.08	622.83	
1451134212	SMP	1	507.46	626.84	507.46	626.84	
1451142584	SMP	1	509.17	623.45	509.17	623.45	
1451150863	SMP	1	509.31	622.26	509.31	622.26	
1451159256	SMP	1	507.97	620.03	507.97	620.03	
1451167644	SMP	1	514.26	620.93	514.26	620.93	
1451176017	SMP	1	512.30	622.63	512.30	622.63	
1451184243	SMP	1	524.11	622.82	524.11	622.82	
1451192630	SMP	1	512.69	628.39	512.69	628.39	
1451201001	SMP	1	513.01	625.81	513.01	625.81	
1451209342	SMP	1	521.14	628.77	521.14	628.77	
1451217634	SMP	1	520.04	627.21	520.04	627.21	
1451226010	SMP	1	522.94	629.84	522.94	629.84	
1451234345	SMP	1	522.35	632.18	522.35	632.18	
1451242735	SMP	1	519.38	629.32	519.38	629.32	
1451251006	SMP	1	527.35	630.56	527.35	630.56	
1451259363	SMP	1	515.49	633.99	515.49	633.99	
1451267854	SMP	1	520.22	631.13	520.22	631.13	
1451276005	SMP	1	522.82	634.21	522.82	634.21	
1451284415	SMP	1	523.26	633.52	523.26	633.52	
1451292738	SMP	1	524.36	626.15	524.36	626.15	
1451301145	SMP	1	524.69	618.50	524.69	618.50	
1451309367	SMP	1	523.10	620.51	523.10	620.51	
1451317694	SMP	1	521.01	618.82	521.01	618.82	
1451326086	SMP	1	522.70	611.14	522.70	611.14	
1451334529	SMP	1	524.56	608.06	524.56	608.06	
1451342740	SMP	1	520.90	606.43	520.90	606.43	
1451351141	SMP	1	521.80	606.32	521.80	606.32	
1451359688	SMP	1	522.22	604.63	522.22	604.63	
1451367910	SMP	1	521.21	604.90	521.21	604.90	
1451376100	SMP	1	518.74	606.79	518.74	606.79	
1451384482	SMP	1	517.73	603.14	517.73	603.14	
1451392860	SMP	1	516.94	603.04	516.94	603.04	
1451401263	SMP	1	517.33	603.55	517.33	603.55	
1451409529	SMP	1	520.33	599.04	520.33	599.04	
1451417932	SMP	1	521.13	600.53	521.13	600.53	
1451426257	SMP	1	520.54	603.83	520.54	603.83	
1451434491	SMP	1	520.67	600.73	520.67	600.73	
1451442860	SMP	1	519.73	605.38	519.73	605.38	
1451451259	SMP	1	515.13	601.67	515.13	601.67	
1451459607	SMP	1	517.49	599.92	517.49	599.92	
1451467938	SMP	1	518.12	600.80	518.12	600.80	
1451476253	SMP	1	519.56	599.03	519.56	599.03	
1451484596	SMP	1	518.95	598.64	518.95	598.64	
1451493019	SMP	1	515.77	599.07	515.77	599.07	
1451501242	SMP	1	514.11	604.43	514.11	604.43	
1451509605	SMP	1	507.22	603.89	507.22	603.89	
1451518018	SMP	1	514.75	597.52	514.75	597.52	
1451526363	SMP	1	513.27	601.15	513.27	601.15	
1451534637	SMP	1	518.06	598.15	518.06	598.15	
1451542934	SMP	1	516.25	600.82	516.25	600.82	
1451551390	SMP	1	513.75	603.07	513.75	603.07	
1451559586	SMP	1	514.35	605.07	514.35	605.07	
1451568028	SMP	1	509.15	602.38	509.15	602.38	
1451576378	SMP	1	508.11	603.68	508.11	603.68	
1451584733	SMP	1	517.41	603.22	517.41	603.22	
1451592974	SMP	1	518.81	598.39	518.81	598.39	
1451601368	SMP	1	519.76	599.81	519.76	599.81	
1451609751	SMP	1	515.93	603.25	515.93	603.25	
1451618117	SMP	1	514.53	597.17	514.53	597.17	
1451626319	SMP	1	510.89	600.76	510.89	600.76	
1451634715	SMP	1	512.52	598.69	512.52	598.69	
1451643100	SMP	1	513.45	599.03	513.45	599.03	
1451651521	SMP	1	513.04	600.31	513.04	600.31	
1451659764	SMP	1	514.10	600.09	514.10	600.09	
1451668076	SMP	1	518.65	597.25	518.65	597.25	
1451676498	SMP	1	505.73	601.05	505.73	601.05	
1451684770	SMP	1	506.29	601.92	506.29	601.92	
1451693074	SMP	1	512.78	599.78	512.78	599.78	
1451701507	SMP	1	514.52	597.10	514.52	597.10	
1451709817	SMP	1	509.23	602.40	509.23	602.40	
1451718125	SMP	1	518.26	596.94	518.26	596.94	
1451726495	SMP	1	513.71	601.96	513.71	601.96	
1451734870	SMP	1	507.25	598.05	507.25	598.05	
1451743223	SMP	1	513.35	598.28	513.35	598.28	
1451751488	SMP	1	520.88	597.17	520.88	597.17	
1451759874	SMP	1	516.36	597.03	516.36	597.03	
1451768257	SMP	1	507.03	601.28	507.03	601.28	
1451776629	SMP	1	509.91	602.52	509.91	602.52	
1451784862	SMP	1	513.00	599.15	513.00	599.15	
1451793228	SMP	1	517.15	641.37	517.15	641.37	
1451801630	SMP	1	538.66	666.17	538.66	666.17	
1451810010	SMP	1	653.78	599.52	653.78	599.52	
1451818205	SMP	1	658.80	594.65	658.80	594.65	
1451826626	SMP	1	659.07	598.81	659.07	598.81	
1451834924	SMP	1	662.60	581.25	662.60	581.25	
1451843261	SMP	1	663.74	562.36	663.74	562.36	
1451851624	SMP	1	661.73	573.31	661.73	573.31	
1451859947	SMP	1	657.98	573.42	657.98	573.42	
1451868350	SMP	1	655.42	568.97	655.42	568.97	
1451876605	SMP	1	656.08	564.70	656.08	564.70	
1451884971	SMP	1	656.40	563.37	656.40	563.37	
1451893391	SMP	1	655.47	563.37	655.47	563.37	
1451901799	SMP	1	651.10	558.91	651.10	558.91	
1451909985	SMP	1	650.66	558.46	650.66	558.46	
1451918319	SMP	1	654.84	552.31	654.84	552.31	
1451926732	SMP	1	648.44	554.46	648.44	554.46	
1451935106	SMP	1	646.63	555.50	646.63	555.50	
1451943314	SMP	1	645.80	556.11	645.80	556.11	
1451951745	SMP	1	646.55	553.18	646.55	553.18	
1451960096	SMP	1	647.62	552.74	647.62	552.74	
1451968362	SMP	1	644.99	551.50	644.99	551.50	
1451976752	SMP	1	646.81	548.55	646.81	548.55	
1451985078	SMP	1	646.88	547.67	646.88	547.67	
1451993472	SMP	1	646.24	550.01	646.24	550.01	
1452001781	SMP	1	645.67	548.93	645.67	548.93	
1452010098	SMP	1	642.98	549.45	642.98	549.45	
1452018470	SMP	1	643.13	549.49	643.13	549.49	
1452026863	SMP	1	642.29	550.75	642.29	550.75	
1452035096	SMP	1	645.70	551.53	645.70	551.53	
1452043465	SMP	1	639.99	550.23	639.99	550.23	
1452051895	SMP	1	637.00	549.56	637.00	549.56	
1452060224	SMP	1	641.51	549.08	641.51	549.08	
1452068453	SMP	1	640.25	550.10	640.25	550.10	
1452076862	SMP	1	641.69	552.65	641.69	552.65	
1452085268	SMP	1	640.10	548.39	640.10	548.39	
1452093727	SMP	1	641.03	548.92	641.03	548.92	
1452101878	SMP	1	638.28	537.35	638.28	537.35	
1452110224	SMP	1	638.42	545.92	638.42	545.92	
1452118579	SMP	1	641.69	542.74	641.69	542.74	
1452126865	SMP	1	637.90	541.61	637.90	541.61	
1452135261	SMP	1	639.21	544.03	639.21	544.03	
1452143588	SMP	1	638.32	541.58	638.32	541.58	
1452152001	SMP	1	637.35	542.51	637.35	542.51	
1452160243	SMP	1	635.37	546.44	635.37	546.44	
1452168608	SMP	1	633.00	548.88	633.00	548.88	
1452176998	SMP	1	629.88	540.90	629.88	540.90	
1452185364	SMP	1	629.54	541.57	629.54	541.57	
1452193597	SMP	1	631.77	548.56	631.77	548.56	
1452201969	SMP	1	635.38	548.42	635.38	548.42	
1452210357	SMP	1	628.66	545.87	628.66	545.87	
1452218711	SMP	1	635.07	555.64	635.07	555.64	
1452226996	SMP	1	632.15	543.05	632.15	543.05	
1452235328	SMP	1	626.38	554.13	626.38	554.13	
1452243781	SMP	1	632.90	553.25	632.90	553.25	
1452251975	SMP	1	638.88	560.00	638.88	560.00	
1452260345	SMP	1	629.51	556.10	629.51	556.10	
1452268787	SMP	1	630.76	557.30	630.76	557.30	
1452277141	SMP	1	641.77	557.45	641.77	557.45	
1452285355	SMP	1	634.35	556.84	634.35	556.84	
1452293772	SMP	1	634.21	547.16	634.21	547.16	
1452302129	SMP	1	633.63	553.13	633.63	553.13	
1452310453	SMP	1	623.14	556.41	623.14	556.41	
1452318741	SMP	1	629.75	551.43	629.75	551.43	
1452327106	SMP	1	633.63	555.45	633.63	555.45	
1452335470	SMP	1	632.76	559.40	632.76	559.40	
1452343829	SMP	1	626.60	556.91	626.60	556.91	
1452352132	SMP	1	620.93	555.30	620.93	555.30	
1452360463	SMP	1	623.17	554.23	623.17	554.23	
1452368872	SMP	1	627.03	552.34	627.03	552.34	
1452377108	SMP	1	620.46	555.92	620.46	555.92	
1452385463	SMP	1	625.45	557.05	625.45	557.05	
1452393835	SMP	1	621.66	558.31	621.66	558.31	
1452402266	SMP	1	619.65	562.64	619.65	562.64	
1452410504	SMP	1	625.90	550.68	625.90	550.68	
1452418861	SMP	1	621.80	559.67	621.80	559.67	
1452427237	SMP	1	621.21	554.39	621.21	554.39	
1452435599	SMP	1	619.86	553.40	619.86	553.40	
1452443844	SMP	1	618.29	558.71	618.29	558.71	
1452452267	SMP	1	623.86	558.97	623.86	558.97	
1452460592	SMP	1	617.44	557.30	617.44	557.30	
1452468927	SMP	1	619.57	557.77	619.57	557.77	
1452477243	SMP	1	617.55	557.87	617.55	557.87	
1452485623	SMP	1	616.59	557.35	616.59	557.35	
1452493953	SMP	1	618.52	554.16	618.52	554.16	
1452502342	SMP	1	606.04	556.98	606.04	556.98	
1452510594	SMP	1	619.21	554.45	619.21	554.45	
1452518920	SMP	1	623.13	548.92	623.13	548.92	
1452527345	SMP	1	618.30	560.73	618.30	560.73	
1452535637	SMP	1	618.03	558.96	618.03	558.96	
1452543952	SMP	1	609.17	554.89	609.17	554.89	
1452552375	SMP	1	629.97	546.74	629.97	546.74	
1452560707	SMP	1	627.91	552.44	627.91	552.44	
1452568958	SMP	1	629.05	552.51	629.05	552.51	
1452577367	SMP	1	633.52	551.72	633.52	551.72	
1452585720	SMP	1	629.86	552.12	629.86	552.12	
1452594084	SMP	1	629.73	550.13	629.73	550.13	
1452602338	SMP	1	633.99	548.53	633.99	548.53	
1452610720	SMP	1	625.59	548.94	625.59	548.94	
1452619051	SMP	1	640.18	547.40	640.18	547.40	
1452627464	SMP	1	642.18	530.82	642.18	530.82	
1452635667	SMP	1	648.89	498.03	648.89	498.03	
1452644122	SMP	1	646.94	527.64	646.94	527.64	
1452652500	SMP	1	643.54	536.75	643.54	536.75	
1452660723	SMP	1	650.51	523.43	650.51	523.43	
1452669042	SMP	1	643.93	530.64	643.93	530.64	
1452677497	SMP	1	647.42	527.21	647.42	527.21	
1452685818	SMP	1	648.91	525.87	648.91	525.87	
1452694101	SMP	1	655.59	525.26	655.59	525.26	
1452702494	SMP	1	656.92	523.79	656.92	523.79	
1452710810	SMP	1	657.58	519.41	657.58	519.41	
1452719231	SMP	1	658.54	528.56	658.54	528.56	
1452727479	SMP	1	649.60	529.16	649.60	529.16	
1452735862	SMP	1	649.70	530.83	649.70	530.83	
1452744204	SMP	1	657.21	533.87	657.21	533.87	
1452752592	SMP	1	657.32	536.89	657.32	536.89	
1452760834	SMP	1	656.60	539.12	656.60	539.12	
1452769222	SMP	1	659.31	537.02	659.31	537.02	
1452777613	SMP	1	663.67	539.02	663.67	539.02	
1452785849	SMP	1	658.95	538.92	658.95	538.92	
1452794206	SMP	1	657.23	538.63	657.23	538.63	
1452802634	SMP	1	658.05	535.94	658.05	535.94	
1452810961	SMP	1	651.90	536.72	651.90	536.72	
1452819241	SMP	1	657.81	526.79	657.81	526.79	
1452827582	SMP	1	661.87	525.20	661.87	525.20	
1452835953	SMP	1	660.77	512.57	660.77	512.57	
1452844330	SMP	1	661.53	542.45	661.53	542.45	
1452852631	SMP	1	658.06	526.88	658.06	526.88	
1452860991	SMP	1	644.39	530.70	644.39	530.70	
1452869339	SMP	1	653.76	526.31	653.76	526.31	
1452877942	SMP	1	655.15	529.85	655.15	529.85	
1452885975	SMP	1	655.52	527.25	655.52	527.25	
1452894370	SMP	1	655.66	515.76	655.66	515.76	
1452902718	SMP	1	658.15	522.25	658.15	522.25	
1452911044	SMP	1	657.44	518.76	657.44	518.76	
1452919291	SMP	1	649.07	527.26	649.07	527.26	
1452927822	SMP	1	656.41	510.24	656.41	510.24	
1452936097	SMP	1	646.61	517.86	646.61	517.86	
1452944309	SMP	1	653.25	522.49	653.25	522.49	
1452952730	SMP	1	659.30	509.53	659.30	509.53	
1452961131	SMP	1	642.94	523.54	642.94	523.54	
1452969469	SMP	1	653.18	540.04	653.18	540.04	
1452977775	SMP	1	662.39	517.48	662.39	517.48	
1452986109	SMP	1	643.13	532.60	643.13	532.60	
1452994454	SMP	1	649.28	525.82	649.28	525.82	
1453002846	SMP	1	658.68	529.11	658.68	529.11	
1453011068	SMP	1	659.59	510.68	659.59	510.68	
1453019451	SMP	1	636.65	531.69	636.65	531.69	
1453027883	SMP	1	699.73	524.31	699.73	524.31	
1453036205	SMP	1	824.77	510.54	824.77	510.54	
1453044489	SMP	1	881.37	247.60	881.37	247.60	
1453052868	SMP	1	1004.17	438.98	1004.17	438.98	
1453061213	SMP	1	1006.48	418.93	1006.48	418.93	
1453069452	SMP	1	951.68	359.75	951.68	359.75	
1453077934	SMP	1	1001.09	360.83	1001.09	360.83	
1453086180	SMP	1	1004.22	363.75	1004.22	363.75	
1453094575	SMP	1	996.71	364.66	996.71	364.66	
1453102828	SMP	1	970.34	382.05	970.34	382.05	
1453111222	SMP	1	972.33	363.64	972.33	363.64	
1453119609	SMP	1	989.25	364.70	989.25	364.70	
1453127946	SMP	1	999.92	378.94	999.92	378.94	
1453136205	SMP	1	971.01	358.25	971.01	358.25	
1453144538	SMP	1	981.38	373.21	981.38	373.21	
1453152970	SMP	1	1001.53	367.91	1001.53	367.91	
1453161327	SMP	1	1002.25	366.09	1002.25	366.09	
1453169624	SMP	1	985.63	374.64	985.63	374.64	
1453177971	SMP	1	965.81	363.88	965.81	363.88	
1453186347	SMP	1	997.49	374.19	997.49	374.19	
1453194573	SMP	1	985.18	389.31	985.18	389.31	
1453203001	SMP	1	996.51	388.69	996.51	388.69	
1453211337	SMP	1	1002.76	384.30	1002.76	384.30	
1453219680	SMP	1	985.21	387.11	985.21	387.11	
1453227936	SMP	1	1005.23	389.65	1005.23	389.65	
1453236338	SMP	1	996.28	372.85	996.28	372.85	
1453244780	SMP	1	999.71	384.27	999.71	384.27	
1453253103	SMP	1	969.92	387.32	969.92	387.32	
1453261332	SMP	1	978.32	366.83	978.32	366.83	
